ax,ay,az,gx,gy,gz,label
34.0,-253.0,22.0,-57.0,5.0,-4.0,0
33.0,-254.0,26.0,-60.0,8.0,-6.0,0
36.0,-255.0,29.0,-61.0,11.0,-6.0,0
35.0,-257.0,26.0,-58.0,14.0,-6.0,0
34.0,-255.0,26.0,-53.0,16.0,-3.0,0
34.0,-254.0,23.0,-46.0,14.0,-1.0,0
35.0,-251.0,27.0,-34.0,15.0,-1.0,0
35.0,-254.0,22.0,-27.0,16.0,-2.0,0
39.0,-254.0,22.0,-21.0,17.0,1.0,0
37.0,-249.0,23.0,-21.0,16.0,5.0,0
37.0,-253.0,19.0,-24.0,14.0,7.0,0
36.0,-247.0,18.0,-29.0,12.0,8.0,0
38.0,-251.0,18.0,-36.0,10.0,10.0,0
38.0,-255.0,24.0,-43.0,10.0,10.0,0
35.0,-254.0,25.0,-52.0,11.0,9.0,0
36.0,-252.0,22.0,-57.0,11.0,7.0,0
34.0,-254.0,20.0,-59.0,11.0,5.0,0
36.0,-252.0,26.0,-58.0,8.0,5.0,0
33.0,-254.0,26.0,-57.0,6.0,5.0,0
37.0,-251.0,25.0,-55.0,3.0,5.0,0
33.0,-252.0,25.0,-55.0,1.0,0.0,0
37.0,-258.0,26.0,-56.0,2.0,-6.0,0
38.0,-256.0,26.0,-57.0,5.0,-9.0,0
38.0,-255.0,23.0,-53.0,7.0,-12.0,0
38.0,-258.0,26.0,-49.0,12.0,-16.0,0
39.0,-255.0,26.0,-45.0,14.0,-19.0,0
41.0,-255.0,26.0,-41.0,16.0,-19.0,0
34.0,-253.0,21.0,-35.0,16.0,-17.0,0
32.0,-247.0,25.0,-31.0,15.0,-14.0,0
33.0,-253.0,24.0,-32.0,14.0,-14.0,0
34.0,-251.0,20.0,-34.0,15.0,-15.0,0
37.0,-251.0,25.0,-36.0,15.0,-13.0,0
37.0,-251.0,22.0,-37.0,16.0,-11.0,0
38.0,-251.0,23.0,-38.0,18.0,-11.0,0
37.0,-253.0,22.0,-43.0,22.0,-11.0,0
39.0,-253.0,23.0,-47.0,24.0,-13.0,0
36.0,-256.0,26.0,-50.0,27.0,-14.0,0
36.0,-255.0,23.0,-51.0,31.0,-16.0,0
37.0,-255.0,26.0,-46.0,32.0,-17.0,0
32.0,-251.0,23.0,-44.0,31.0,-16.0,0
35.0,-254.0,25.0,-41.0,29.0,-16.0,0
35.0,-250.0,30.0,-38.0,25.0,-14.0,0
36.0,-255.0,26.0,-33.0,22.0,-13.0,0
37.0,-257.0,26.0,-35.0,24.0,-14.0,0
37.0,-256.0,25.0,-38.0,27.0,-16.0,0
34.0,-254.0,23.0,-40.0,32.0,-17.0,0
37.0,-255.0,24.0,-35.0,37.0,-16.0,0
34.0,-256.0,21.0,-31.0,40.0,-17.0,0
35.0,-254.0,24.0,-29.0,39.0,-19.0,0
35.0,-253.0,25.0,-29.0,41.0,-19.0,0
37.0,-253.0,24.0,-27.0,42.0,-18.0,0
35.0,-250.0,23.0,-27.0,40.0,-17.0,0
33.0,-252.0,25.0,-29.0,39.0,-18.0,0
30.0,-253.0,22.0,-30.0,39.0,-17.0,0
32.0,-255.0,31.0,-38.0,38.0,-8.0,0
27.0,-255.0,28.0,-42.0,32.0,1.0,0
31.0,-255.0,27.0,-37.0,32.0,8.0,0
30.0,-253.0,26.0,-38.0,25.0,13.0,0
31.0,-249.0,28.0,-27.0,15.0,6.0,0
34.0,-249.0,25.0,-12.0,12.0,-2.0,0
31.0,-247.0,23.0,-1.0,13.0,-8.0,0
33.0,-249.0,24.0,2.0,15.0,-12.0,0
34.0,-249.0,29.0,-2.0,19.0,-13.0,0
39.0,-251.0,25.0,-8.0,23.0,-15.0,0
35.0,-252.0,26.0,-18.0,26.0,-20.0,0
36.0,-254.0,26.0,-28.0,24.0,-20.0,0
35.0,-255.0,26.0,-36.0,18.0,-20.0,0
40.0,-255.0,27.0,-41.0,15.0,-18.0,0
35.0,-251.0,25.0,-40.0,14.0,-16.0,0
37.0,-251.0,30.0,-33.0,10.0,-16.0,0
39.0,-250.0,24.0,-21.0,-1.0,-29.0,0
37.0,-249.0,24.0,-16.0,-8.0,-36.0,0
35.0,-251.0,24.0,-28.0,-10.0,-27.0,0
38.0,-253.0,23.0,-50.0,-17.0,-15.0,0
36.0,-257.0,29.0,-63.0,-19.0,-9.0,0
39.0,-257.0,31.0,-64.0,-16.0,-6.0,0
38.0,-257.0,33.0,-61.0,-8.0,3.0,0
27.0,-256.0,30.0,-53.0,-4.0,10.0,0
25.0,-252.0,27.0,-35.0,-19.0,14.0,0
32.0,-255.0,24.0,-18.0,-34.0,21.0,0
36.0,-249.0,22.0,-7.0,-45.0,17.0,0
37.0,-244.0,21.0,2.0,-41.0,0.0,0
38.0,-245.0,22.0,0.0,-29.0,-13.0,0
34.0,-247.0,22.0,-25.0,-18.0,-10.0,0
35.0,-254.0,22.0,-63.0,-15.0,-4.0,0
36.0,-256.0,26.0,-88.0,-9.0,3.0,0
33.0,-255.0,24.0,-92.0,-3.0,3.0,0
35.0,-256.0,27.0,-87.0,3.0,2.0,0
31.0,-256.0,27.0,-75.0,6.0,2.0,0
33.0,-255.0,25.0,-64.0,6.0,5.0,0
36.0,-255.0,26.0,-56.0,4.0,5.0,0
35.0,-255.0,26.0,-54.0,-1.0,3.0,0
33.0,-252.0,26.0,-57.0,-6.0,2.0,0
34.0,-254.0,25.0,-62.0,-11.0,2.0,0
35.0,-251.0,22.0,-60.0,-15.0,5.0,0
32.0,-251.0,25.0,-61.0,-18.0,7.0,0
34.0,-255.0,21.0,-65.0,-22.0,9.0,0
33.0,-253.0,22.0,-71.0,-26.0,8.0,0
35.0,-255.0,29.0,-75.0,-28.0,8.0,0
31.0,-251.0,25.0,-77.0,-29.0,8.0,0
34.0,-252.0,27.0,-78.0,-28.0,7.0,0
32.0,-251.0,20.0,-78.0,-26.0,5.0,0
25.0,-248.0,26.0,-81.0,-25.0,5.0,0
34.0,-254.0,22.0,-82.0,-24.0,6.0,0
32.0,-252.0,22.0,-89.0,-23.0,6.0,0
32.0,-254.0,24.0,-97.0,-22.0,4.0,0
30.0,-255.0,26.0,-105.0,-20.0,0.0,0
32.0,-253.0,24.0,-108.0,-18.0,-5.0,0
34.0,-251.0,22.0,-103.0,-9.0,-8.0,0
33.0,-250.0,19.0,-98.0,-1.0,-11.0,0
33.0,-251.0,18.0,-94.0,-3.0,-11.0,0
34.0,-252.0,19.0,-92.0,-9.0,-7.0,0
42.0,-244.0,20.0,-92.0,-11.0,-4.0,0
37.0,-253.0,18.0,-93.0,-13.0,-5.0,0
32.0,-254.0,17.0,-99.0,-16.0,-6.0,0
31.0,-253.0,26.0,-106.0,-20.0,-7.0,0
36.0,-254.0,25.0,-103.0,-25.0,-3.0,0
40.0,-258.0,21.0,-100.0,-27.0,0.0,0
29.0,-255.0,23.0,-93.0,-29.0,0.0,0
32.0,-254.0,23.0,-86.0,-27.0,-2.0,0
31.0,-252.0,24.0,-81.0,-25.0,-6.0,0
34.0,-255.0,25.0,-76.0,-25.0,-8.0,0
35.0,-256.0,22.0,-72.0,-26.0,-8.0,0
33.0,-255.0,15.0,-67.0,-26.0,-8.0,0
35.0,-253.0,19.0,-67.0,-25.0,-7.0,0
34.0,-251.0,19.0,-65.0,-26.0,-5.0,0
32.0,-252.0,19.0,-63.0,-26.0,-3.0,0
34.0,-255.0,22.0,-62.0,-26.0,-1.0,0
38.0,-251.0,17.0,-65.0,-27.0,1.0,0
37.0,-255.0,22.0,-66.0,-28.0,2.0,0
36.0,-251.0,27.0,-71.0,-30.0,4.0,0
32.0,-248.0,23.0,-79.0,-31.0,5.0,0
37.0,-254.0,21.0,-87.0,-33.0,7.0,0
33.0,-252.0,26.0,-93.0,-33.0,5.0,0
32.0,-255.0,27.0,-98.0,-32.0,5.0,0
35.0,-254.0,26.0,-96.0,-32.0,5.0,0
38.0,-254.0,24.0,-92.0,-33.0,5.0,0
34.0,-254.0,22.0,-91.0,-32.0,4.0,0
33.0,-253.0,24.0,-93.0,-31.0,4.0,0
33.0,-253.0,22.0,-95.0,-29.0,3.0,0
33.0,-252.0,22.0,-95.0,-31.0,2.0,0
28.0,-254.0,22.0,-97.0,-30.0,3.0,0
34.0,-252.0,19.0,-96.0,-29.0,0.0,0
34.0,-253.0,24.0,-96.0,-26.0,0.0,0
36.0,-254.0,19.0,-98.0,-27.0,-3.0,0
34.0,-254.0,22.0,-99.0,-28.0,0.0,0
35.0,-251.0,22.0,-92.0,-32.0,4.0,0
32.0,-253.0,20.0,-87.0,-36.0,7.0,0
35.0,-253.0,25.0,-82.0,-40.0,13.0,0
33.0,-251.0,21.0,-81.0,-44.0,15.0,0
35.0,-254.0,22.0,-82.0,-48.0,16.0,0
34.0,-251.0,11.0,-83.0,-50.0,17.0,0
38.0,-252.0,18.0,-85.0,-51.0,17.0,0
37.0,-251.0,19.0,-87.0,-50.0,17.0,0
35.0,-252.0,18.0,-94.0,-51.0,16.0,0
34.0,-253.0,21.0,-104.0,-55.0,20.0,0
36.0,-254.0,22.0,-115.0,-60.0,22.0,0
34.0,-255.0,22.0,-121.0,-61.0,24.0,0
37.0,-255.0,21.0,-120.0,-60.0,26.0,0
32.0,-252.0,23.0,-118.0,-61.0,27.0,0
32.0,-253.0,24.0,-114.0,-66.0,29.0,0
30.0,-253.0,21.0,-114.0,-71.0,30.0,0
30.0,-252.0,23.0,-116.0,-77.0,33.0,0
31.0,-252.0,22.0,-122.0,-82.0,34.0,0
32.0,-253.0,18.0,-129.0,-90.0,38.0,0
32.0,-252.0,18.0,-137.0,-98.0,39.0,0
28.0,-253.0,14.0,-140.0,-103.0,41.0,0
31.0,-254.0,19.0,-141.0,-103.0,38.0,0
32.0,-252.0,19.0,-140.0,-100.0,34.0,0
30.0,-256.0,16.0,-140.0,-93.0,30.0,0
33.0,-252.0,15.0,-136.0,-90.0,29.0,0
35.0,-255.0,23.0,-136.0,-88.0,28.0,0
34.0,-252.0,21.0,-143.0,-86.0,28.0,0
34.0,-254.0,23.0,-149.0,-87.0,28.0,0
36.0,-255.0,16.0,-155.0,-90.0,26.0,0
36.0,-256.0,19.0,-157.0,-92.0,26.0,0
35.0,-255.0,13.0,-157.0,-93.0,26.0,0
37.0,-254.0,18.0,-158.0,-93.0,26.0,0
36.0,-254.0,16.0,-157.0,-94.0,26.0,0
37.0,-254.0,14.0,-156.0,-93.0,25.0,0
38.0,-256.0,12.0,-153.0,-91.0,22.0,0
39.0,-257.0,12.0,-150.0,-90.0,21.0,0
37.0,-255.0,16.0,-146.0,-87.0,20.0,0
33.0,-255.0,16.0,-145.0,-83.0,21.0,0
39.0,-257.0,16.0,-143.0,-82.0,21.0,0
40.0,-258.0,15.0,-143.0,-78.0,25.0,0
32.0,-256.0,17.0,-143.0,-76.0,28.0,0
38.0,-257.0,14.0,-144.0,-73.0,41.0,0
40.0,-254.0,16.0,-134.0,-74.0,42.0,0
42.0,-255.0,16.0,-121.0,-74.0,33.0,0
40.0,-256.0,15.0,-114.0,-76.0,23.0,0
41.0,-257.0,10.0,-118.0,-77.0,27.0,0
42.0,-258.0,12.0,-128.0,-80.0,30.0,0
42.0,-257.0,14.0,-133.0,-86.0,31.0,0
41.0,-258.0,7.0,-134.0,-83.0,30.0,0
32.0,-256.0,10.0,-127.0,-75.0,29.0,0
38.0,-257.0,12.0,-113.0,-74.0,33.0,0
34.0,-255.0,12.0,-104.0,-79.0,31.0,0
38.0,-256.0,13.0,-103.0,-82.0,30.0,0
35.0,-256.0,11.0,-104.0,-81.0,27.0,0
41.0,-256.0,13.0,-102.0,-76.0,25.0,0
40.0,-254.0,13.0,-98.0,-73.0,23.0,0
37.0,-254.0,12.0,-101.0,-70.0,21.0,0
40.0,-253.0,11.0,-101.0,-66.0,22.0,0
37.0,-256.0,12.0,-107.0,-62.0,24.0,0
37.0,-255.0,13.0,-114.0,-59.0,23.0,0
37.0,-255.0,15.0,-120.0,-59.0,22.0,0
38.0,-253.0,9.0,-126.0,-58.0,22.0,0
36.0,-251.0,14.0,-130.0,-56.0,26.0,0
34.0,-255.0,10.0,-134.0,-59.0,24.0,0
33.0,-255.0,14.0,-140.0,-65.0,22.0,0
40.0,-256.0,13.0,-144.0,-65.0,23.0,0
37.0,-257.0,14.0,-146.0,-62.0,23.0,0
39.0,-259.0,14.0,-143.0,-63.0,24.0,0
37.0,-256.0,12.0,-140.0,-70.0,29.0,0
40.0,-258.0,15.0,-134.0,-78.0,35.0,0
39.0,-258.0,13.0,-131.0,-83.0,34.0,0
40.0,-251.0,10.0,-128.0,-83.0,36.0,0
37.0,-256.0,12.0,-126.0,-82.0,37.0,0
40.0,-258.0,8.0,-128.0,-86.0,32.0,0
34.0,-258.0,9.0,-132.0,-83.0,26.0,0
36.0,-257.0,7.0,-126.0,-74.0,24.0,0
35.0,-256.0,8.0,-117.0,-71.0,26.0,0
37.0,-255.0,8.0,-112.0,-75.0,25.0,0
40.0,-256.0,6.0,-114.0,-74.0,20.0,0
39.0,-256.0,5.0,-118.0,-63.0,21.0,0
42.0,-256.0,5.0,-124.0,-58.0,19.0,0
37.0,-257.0,8.0,-128.0,-61.0,12.0,0
40.0,-256.0,9.0,-127.0,-59.0,11.0,0
39.0,-257.0,6.0,-120.0,-53.0,10.0,0
36.0,-255.0,9.0,-109.0,-45.0,7.0,0
39.0,-258.0,9.0,-102.0,-49.0,9.0,0
32.0,-258.0,6.0,-107.0,-53.0,18.0,0
38.0,-258.0,7.0,-113.0,-60.0,35.0,0
43.0,-262.0,12.0,-107.0,-69.0,25.0,0
39.0,-256.0,6.0,-94.0,-70.0,8.0,0
36.0,-256.0,7.0,-84.0,-63.0,3.0,0
40.0,-257.0,9.0,-84.0,-62.0,9.0,0
39.0,-258.0,6.0,-85.0,-72.0,17.0,0
44.0,-261.0,2.0,-83.0,-74.0,18.0,0
41.0,-258.0,6.0,-80.0,-63.0,12.0,0
41.0,-260.0,4.0,-72.0,-49.0,10.0,0
43.0,-257.0,5.0,-64.0,-44.0,13.0,0
32.0,-262.0,4.0,-59.0,-43.0,14.0,0
38.0,-258.0,0.0,-51.0,-39.0,19.0,0
41.0,-257.0,3.0,-51.0,-37.0,23.0,0
38.0,-255.0,3.0,-52.0,-34.0,23.0,0
43.0,-259.0,2.0,-53.0,-29.0,21.0,0
42.0,-258.0,2.0,-59.0,-27.0,20.0,0
41.0,-257.0,9.0,-66.0,-24.0,20.0,0
37.0,-256.0,5.0,-70.0,-25.0,20.0,0
38.0,-259.0,5.0,-74.0,-25.0,18.0,0
41.0,-258.0,8.0,-71.0,-20.0,17.0,0
45.0,-261.0,8.0,-64.0,-16.0,14.0,0
37.0,-251.0,-7.0,-57.0,-12.0,13.0,0
34.0,-260.0,7.0,-51.0,-8.0,10.0,0
40.0,-259.0,9.0,-48.0,-3.0,8.0,0
42.0,-259.0,3.0,-44.0,2.0,6.0,0
39.0,-256.0,3.0,-41.0,5.0,3.0,0
39.0,-258.0,8.0,-40.0,3.0,3.0,0
42.0,-256.0,5.0,-39.0,3.0,5.0,0
38.0,-256.0,4.0,-40.0,1.0,4.0,0
37.0,-255.0,5.0,-42.0,0.0,6.0,0
36.0,-255.0,3.0,-46.0,-1.0,6.0,0
36.0,-254.0,3.0,-48.0,2.0,7.0,0
37.0,-256.0,-4.0,-54.0,4.0,8.0,0
38.0,-254.0,2.0,-56.0,5.0,10.0,0
36.0,-256.0,3.0,-59.0,7.0,11.0,0
37.0,-256.0,1.0,-58.0,8.0,11.0,0
37.0,-258.0,5.0,-58.0,6.0,12.0,0
36.0,-258.0,3.0,-54.0,6.0,12.0,0
36.0,-258.0,5.0,-50.0,7.0,15.0,0
39.0,-259.0,4.0,-46.0,7.0,16.0,0
38.0,-258.0,4.0,-43.0,8.0,14.0,0
37.0,-258.0,5.0,-40.0,11.0,11.0,0
34.0,-257.0,6.0,-40.0,13.0,7.0,0
34.0,-256.0,6.0,-40.0,15.0,7.0,0
34.0,-257.0,7.0,-38.0,13.0,7.0,0
35.0,-255.0,4.0,-39.0,12.0,8.0,0
36.0,-256.0,2.0,-43.0,11.0,7.0,0
34.0,-255.0,6.0,-50.0,8.0,7.0,0
34.0,-255.0,4.0,-56.0,4.0,9.0,0
34.0,-255.0,3.0,-59.0,3.0,9.0,0
34.0,-257.0,5.0,-57.0,1.0,10.0,0
34.0,-257.0,7.0,-54.0,0.0,11.0,0
34.0,-257.0,6.0,-51.0,0.0,11.0,0
34.0,-257.0,9.0,-48.0,-2.0,12.0,0
33.0,-260.0,9.0,-46.0,-3.0,11.0,0
34.0,-257.0,6.0,-45.0,-6.0,10.0,0
36.0,-257.0,7.0,-44.0,-8.0,8.0,0
34.0,-258.0,6.0,-43.0,-9.0,7.0,0
32.0,-257.0,9.0,-43.0,-7.0,5.0,0
34.0,-255.0,7.0,-44.0,-7.0,4.0,0
32.0,-256.0,7.0,-49.0,-6.0,5.0,0
35.0,-256.0,10.0,-54.0,-8.0,5.0,0
33.0,-256.0,5.0,-60.0,-11.0,6.0,0
33.0,-256.0,10.0,-63.0,-14.0,6.0,0
32.0,-256.0,8.0,-63.0,-18.0,7.0,0
31.0,-255.0,8.0,-62.0,-19.0,9.0,0
32.0,-255.0,13.0,-62.0,-20.0,9.0,0
32.0,-256.0,8.0,-60.0,-19.0,9.0,0
31.0,-255.0,10.0,-60.0,-18.0,8.0,0
30.0,-255.0,5.0,-63.0,-17.0,9.0,0
29.0,-255.0,10.0,-69.0,-16.0,9.0,0
35.0,-256.0,7.0,-71.0,-15.0,9.0,0
36.0,-258.0,7.0,-74.0,-17.0,8.0,0
31.0,-255.0,4.0,-75.0,-19.0,9.0,0
34.0,-256.0,8.0,-74.0,-22.0,8.0,0
32.0,-257.0,10.0,-74.0,-27.0,8.0,0
32.0,-256.0,8.0,-76.0,-28.0,6.0,0
30.0,-256.0,7.0,-75.0,-28.0,5.0,0
29.0,-257.0,11.0,-69.0,-26.0,4.0,0
33.0,-260.0,8.0,-61.0,-21.0,3.0,0
31.0,-258.0,7.0,-52.0,-21.0,4.0,0
33.0,-258.0,12.0,-50.0,-19.0,4.0,0
31.0,-257.0,9.0,-54.0,-16.0,2.0,0
32.0,-256.0,4.0,-55.0,-12.0,2.0,0
31.0,-256.0,11.0,-55.0,-9.0,2.0,0
34.0,-259.0,9.0,-53.0,-8.0,2.0,0
31.0,-256.0,8.0,-52.0,-8.0,5.0,0
32.0,-258.0,6.0,-49.0,-9.0,6.0,0
33.0,-258.0,10.0,-48.0,-12.0,6.0,0
32.0,-254.0,9.0,-50.0,-12.0,9.0,0
31.0,-257.0,8.0,-49.0,-12.0,8.0,0
33.0,-260.0,8.0,-45.0,-13.0,10.0,0
32.0,-256.0,8.0,-38.0,-15.0,11.0,0
34.0,-260.0,8.0,-33.0,-16.0,10.0,0
33.0,-255.0,7.0,-29.0,-19.0,10.0,0
32.0,-256.0,6.0,-28.0,-20.0,10.0,0
32.0,-257.0,10.0,-26.0,-19.0,10.0,0
30.0,-256.0,9.0,-27.0,-16.0,9.0,0
29.0,-255.0,6.0,-28.0,-15.0,9.0,0
31.0,-256.0,8.0,-31.0,-14.0,9.0,0
31.0,-256.0,13.0,-34.0,-13.0,8.0,0
33.0,-258.0,7.0,-38.0,-11.0,7.0,0
30.0,-257.0,6.0,-40.0,-8.0,5.0,0
31.0,-257.0,9.0,-39.0,-6.0,4.0,0
30.0,-256.0,8.0,-37.0,-6.0,2.0,0
29.0,-257.0,8.0,-29.0,-6.0,1.0,0
32.0,-259.0,9.0,-24.0,-7.0,2.0,0
32.0,-256.0,5.0,-21.0,-7.0,1.0,0
35.0,-259.0,8.0,-20.0,-6.0,0.0,0
33.0,-256.0,8.0,-22.0,-2.0,-3.0,0
34.0,-256.0,11.0,-23.0,1.0,-3.0,0
31.0,-256.0,9.0,-25.0,5.0,-5.0,0
34.0,-258.0,6.0,-25.0,8.0,-5.0,0
34.0,-256.0,9.0,-26.0,6.0,-6.0,0
33.0,-256.0,10.0,-27.0,5.0,-4.0,0
31.0,-254.0,13.0,-30.0,4.0,-3.0,0
31.0,-254.0,11.0,-30.0,5.0,-4.0,0
32.0,-256.0,6.0,-30.0,6.0,-5.0,0
32.0,-257.0,10.0,-26.0,7.0,-4.0,0
32.0,-255.0,12.0,-23.0,9.0,-3.0,0
31.0,-256.0,10.0,-18.0,7.0,0.0,0
32.0,-256.0,14.0,-15.0,5.0,3.0,0
33.0,-256.0,9.0,-11.0,3.0,4.0,0
30.0,-258.0,13.0,-10.0,2.0,5.0,0
29.0,-256.0,9.0,-10.0,2.0,5.0,0
32.0,-256.0,14.0,-8.0,1.0,6.0,0
31.0,-259.0,10.0,-9.0,3.0,3.0,0
31.0,-255.0,11.0,-8.0,7.0,1.0,0
32.0,-256.0,8.0,-8.0,12.0,-2.0,0
31.0,-256.0,6.0,-11.0,13.0,-6.0,0
30.0,-255.0,12.0,-13.0,16.0,-7.0,0
32.0,-253.0,11.0,-17.0,15.0,-7.0,0
33.0,-255.0,12.0,-21.0,14.0,-10.0,0
31.0,-256.0,12.0,-24.0,13.0,-10.0,0
32.0,-256.0,13.0,-25.0,15.0,-11.0,0
32.0,-255.0,12.0,-24.0,17.0,-13.0,0
33.0,-255.0,9.0,-21.0,18.0,-15.0,0
30.0,-252.0,13.0,-18.0,21.0,-18.0,0
34.0,-256.0,14.0,-17.0,22.0,-20.0,0
31.0,-253.0,10.0,-16.0,22.0,-20.0,0
31.0,-254.0,13.0,-16.0,19.0,-21.0,0
31.0,-254.0,7.0,-17.0,15.0,-17.0,0
32.0,-253.0,15.0,-23.0,10.0,-15.0,0
33.0,-257.0,10.0,-27.0,6.0,-14.0,0
34.0,-256.0,15.0,-31.0,0.0,-10.0,0
31.0,-256.0,14.0,-36.0,-5.0,-6.0,0
30.0,-256.0,9.0,-38.0,-9.0,-5.0,0
32.0,-261.0,9.0,-41.0,-10.0,-5.0,0
32.0,-258.0,7.0,-39.0,-8.0,-8.0,0
33.0,-259.0,13.0,-33.0,-6.0,-9.0,0
33.0,-259.0,16.0,-29.0,-1.0,-10.0,0
31.0,-256.0,13.0,-23.0,1.0,-12.0,0
34.0,-256.0,4.0,-22.0,0.0,-16.0,0
33.0,-256.0,12.0,-22.0,2.0,-18.0,0
31.0,-254.0,15.0,-23.0,1.0,-21.0,0
34.0,-254.0,14.0,-25.0,3.0,-26.0,0
33.0,-255.0,11.0,-29.0,6.0,-24.0,0
35.0,-254.0,10.0,-31.0,8.0,-26.0,0
33.0,-254.0,13.0,-35.0,10.0,-23.0,0
35.0,-256.0,10.0,-41.0,12.0,-22.0,0
36.0,-256.0,9.0,-45.0,17.0,-20.0,0
34.0,-256.0,13.0,-47.0,21.0,-21.0,0
35.0,-256.0,8.0,-48.0,23.0,-21.0,0
34.0,-261.0,20.0,-46.0,26.0,-21.0,0
36.0,-257.0,6.0,-47.0,27.0,-19.0,0
33.0,-255.0,9.0,-47.0,25.0,-16.0,0
34.0,-255.0,6.0,-46.0,26.0,-15.0,0
34.0,-256.0,10.0,-47.0,28.0,-19.0,0
34.0,-258.0,12.0,-48.0,32.0,-20.0,0
32.0,-256.0,7.0,-48.0,35.0,-23.0,0
33.0,-257.0,8.0,-48.0,40.0,-26.0,0
32.0,-255.0,7.0,-50.0,44.0,-30.0,0
34.0,-256.0,10.0,-50.0,48.0,-32.0,0
36.0,-256.0,9.0,-51.0,50.0,-35.0,0
35.0,-256.0,8.0,-53.0,50.0,-35.0,0
34.0,-255.0,4.0,-53.0,49.0,-35.0,0
33.0,-256.0,4.0,-53.0,48.0,-36.0,0
37.0,-257.0,8.0,-55.0,45.0,-35.0,0
33.0,-256.0,14.0,-58.0,38.0,-37.0,0
38.0,-256.0,9.0,-60.0,32.0,-36.0,0
34.0,-256.0,15.0,-63.0,23.0,-34.0,0
34.0,-256.0,15.0,-64.0,14.0,-30.0,0
32.0,-257.0,13.0,-67.0,8.0,-29.0,0
34.0,-258.0,10.0,-70.0,3.0,-28.0,0
37.0,-256.0,12.0,-74.0,2.0,-29.0,0
34.0,-259.0,9.0,-78.0,4.0,-33.0,0
34.0,-257.0,14.0,-79.0,10.0,-37.0,0
35.0,-257.0,11.0,-78.0,15.0,-40.0,0
36.0,-259.0,14.0,-71.0,22.0,-45.0,0
31.0,-258.0,11.0,-61.0,28.0,-48.0,0
34.0,-256.0,10.0,-51.0,29.0,-50.0,0
33.0,-259.0,7.0,-39.0,30.0,-50.0,0
32.0,-255.0,14.0,-31.0,30.0,-50.0,0
36.0,-257.0,9.0,-29.0,28.0,-49.0,0
34.0,-257.0,8.0,-27.0,28.0,-49.0,0
33.0,-256.0,12.0,-29.0,27.0,-50.0,0
29.0,-254.0,7.0,-29.0,26.0,-48.0,0
34.0,-254.0,11.0,-30.0,23.0,-46.0,0
33.0,-256.0,8.0,-30.0,20.0,-46.0,0
34.0,-254.0,11.0,-29.0,16.0,-42.0,0
37.0,-254.0,8.0,-31.0,12.0,-38.0,0
37.0,-256.0,8.0,-34.0,8.0,-34.0,0
37.0,-256.0,16.0,-38.0,4.0,-29.0,0
37.0,-257.0,12.0,-39.0,-1.0,-27.0,0
41.0,-258.0,14.0,-37.0,-2.0,-21.0,0
38.0,-257.0,9.0,-33.0,-4.0,-21.0,0
36.0,-256.0,12.0,-31.0,-3.0,-20.0,0
35.0,-254.0,13.0,-30.0,-2.0,-23.0,0
36.0,-256.0,10.0,-28.0,0.0,-25.0,0
38.0,-255.0,8.0,-27.0,2.0,-26.0,0
38.0,-256.0,8.0,-27.0,6.0,-29.0,0
37.0,-256.0,8.0,-26.0,10.0,-33.0,0
39.0,-255.0,10.0,-28.0,14.0,-35.0,0
36.0,-257.0,12.0,-31.0,17.0,-37.0,0
36.0,-256.0,8.0,-31.0,20.0,-40.0,0
34.0,-255.0,8.0,-33.0,23.0,-40.0,0
38.0,-256.0,6.0,-36.0,25.0,-42.0,0
37.0,-258.0,11.0,-36.0,26.0,-42.0,0
38.0,-256.0,8.0,-35.0,28.0,-41.0,0
36.0,-255.0,10.0,-33.0,30.0,-41.0,0
35.0,-257.0,7.0,-31.0,32.0,-42.0,0
39.0,-255.0,12.0,-26.0,32.0,-43.0,0
39.0,-262.0,11.0,-20.0,31.0,-41.0,0
42.0,-259.0,8.0,-17.0,30.0,-42.0,0
41.0,-258.0,11.0,-17.0,31.0,-43.0,0
40.0,-255.0,9.0,-17.0,35.0,-45.0,0
39.0,-254.0,7.0,-22.0,38.0,-44.0,0
41.0,-253.0,6.0,-28.0,40.0,-44.0,0
40.0,-253.0,9.0,-37.0,44.0,-41.0,0
40.0,-255.0,11.0,-42.0,47.0,-41.0,0
42.0,-256.0,8.0,-45.0,47.0,-40.0,0
42.0,-254.0,5.0,-47.0,49.0,-37.0,0
42.0,-257.0,11.0,-46.0,50.0,-36.0,0
40.0,-257.0,9.0,-42.0,51.0,-35.0,0
39.0,-256.0,12.0,-36.0,51.0,-36.0,0
39.0,-256.0,6.0,-28.0,51.0,-35.0,0
40.0,-256.0,10.0,-22.0,50.0,-37.0,0
37.0,-255.0,8.0,-19.0,49.0,-42.0,0
38.0,-256.0,8.0,-16.0,51.0,-44.0,0
36.0,-255.0,6.0,-15.0,54.0,-49.0,0
40.0,-257.0,8.0,-16.0,54.0,-53.0,0
40.0,-253.0,7.0,-20.0,55.0,-54.0,0
41.0,-255.0,5.0,-24.0,57.0,-57.0,0
40.0,-255.0,8.0,-31.0,59.0,-58.0,0
38.0,-254.0,9.0,-35.0,63.0,-58.0,0
36.0,-255.0,8.0,-39.0,67.0,-57.0,0
37.0,-256.0,10.0,-42.0,71.0,-57.0,0
39.0,-256.0,11.0,-41.0,75.0,-57.0,0
36.0,-255.0,13.0,-43.0,80.0,-58.0,0
41.0,-256.0,13.0,-42.0,83.0,-58.0,0
41.0,-255.0,11.0,-40.0,83.0,-58.0,0
39.0,-251.0,16.0,-40.0,82.0,-56.0,0
37.0,-256.0,11.0,-36.0,79.0,-54.0,0
39.0,-254.0,14.0,-34.0,75.0,-54.0,0
37.0,-252.0,11.0,-32.0,70.0,-51.0,0
38.0,-255.0,14.0,-34.0,63.0,-49.0,0
38.0,-254.0,12.0,-36.0,57.0,-45.0,0
37.0,-251.0,12.0,-41.0,51.0,-43.0,0
37.0,-253.0,10.0,-45.0,43.0,-39.0,0
37.0,-253.0,9.0,-49.0,38.0,-38.0,0
36.0,-256.0,12.0,-54.0,30.0,-34.0,0
32.0,-250.0,11.0,-59.0,24.0,-32.0,0
36.0,-253.0,6.0,-61.0,19.0,-31.0,0
33.0,-254.0,13.0,-64.0,13.0,-27.0,0
32.0,-253.0,8.0,-69.0,5.0,-23.0,0
35.0,-254.0,9.0,-72.0,1.0,-20.0,0
32.0,-254.0,11.0,-74.0,-4.0,-19.0,0
37.0,-256.0,11.0,-73.0,-4.0,-20.0,0
36.0,-254.0,8.0,-72.0,-4.0,-19.0,0
38.0,-256.0,9.0,-74.0,-4.0,-21.0,0
38.0,-258.0,11.0,-75.0,-3.0,-22.0,0
34.0,-258.0,12.0,-76.0,-3.0,-22.0,0
38.0,-259.0,12.0,-74.0,-2.0,-23.0,0
39.0,-257.0,11.0,-68.0,-3.0,-23.0,0
37.0,-257.0,12.0,-62.0,-3.0,-21.0,0
37.0,-256.0,10.0,-58.0,-6.0,-18.0,0
36.0,-256.0,10.0,-57.0,-10.0,-13.0,0
36.0,-256.0,14.0,-59.0,-14.0,-8.0,0
37.0,-257.0,10.0,-56.0,-19.0,-7.0,0
37.0,-257.0,10.0,-48.0,-26.0,-8.0,0
40.0,-260.0,12.0,-48.0,-27.0,0.0,0
43.0,-258.0,7.0,-50.0,-35.0,0.0,0
39.0,-252.0,10.0,-40.0,-39.0,-7.0,0
41.0,-255.0,6.0,-29.0,-38.0,-4.0,0
39.0,-254.0,6.0,-27.0,-38.0,-6.0,0
37.0,-255.0,11.0,-31.0,-32.0,-9.0,0
39.0,-253.0,9.0,-37.0,-25.0,-13.0,0
40.0,-255.0,10.0,-40.0,-19.0,-19.0,0
40.0,-256.0,12.0,-46.0,-15.0,-18.0,0
37.0,-256.0,9.0,-53.0,-17.0,-15.0,0
38.0,-257.0,14.0,-57.0,-19.0,-14.0,0
35.0,-256.0,11.0,-55.0,-15.0,-15.0,0
38.0,-257.0,14.0,-52.0,-9.0,-16.0,0
40.0,-263.0,9.0,-49.0,-7.0,-19.0,0
40.0,-256.0,12.0,-47.0,-7.0,-19.0,0
39.0,-256.0,10.0,-46.0,-5.0,-18.0,0
37.0,-256.0,10.0,-44.0,-5.0,-16.0,0
39.0,-256.0,3.0,-43.0,-6.0,-12.0,0
37.0,-255.0,12.0,-44.0,-7.0,-10.0,0
38.0,-255.0,9.0,-44.0,-9.0,-7.0,0
41.0,-255.0,8.0,-48.0,-11.0,-6.0,0
36.0,-253.0,3.0,-51.0,-18.0,-5.0,0
33.0,-252.0,10.0,-54.0,-22.0,-5.0,0
39.0,-255.0,7.0,-57.0,-28.0,-3.0,0
31.0,-263.0,19.0,-60.0,-35.0,-1.0,0
37.0,-256.0,11.0,-58.0,-42.0,0.0,0
40.0,-255.0,6.0,-60.0,-45.0,3.0,0
39.0,-257.0,11.0,-61.0,-47.0,8.0,0
35.0,-260.0,8.0,-64.0,-47.0,16.0,0
40.0,-259.0,13.0,-71.0,-49.0,31.0,0
39.0,-256.0,11.0,-78.0,-54.0,36.0,0
39.0,-251.0,9.0,-70.0,-60.0,29.0,0
46.0,-252.0,10.0,-50.0,-64.0,16.0,0
41.0,-249.0,4.0,-44.0,-63.0,5.0,0
39.0,-254.0,5.0,-53.0,-52.0,6.0,0
38.0,-253.0,6.0,-67.0,-46.0,9.0,0
41.0,-255.0,7.0,-75.0,-43.0,3.0,0
43.0,-257.0,6.0,-77.0,-37.0,-5.0,0
40.0,-254.0,8.0,-75.0,-33.0,-14.0,0
41.0,-256.0,6.0,-72.0,-27.0,-15.0,0
42.0,-254.0,12.0,-68.0,-24.0,-23.0,0
43.0,-255.0,10.0,-63.0,-23.0,-28.0,0
44.0,-260.0,3.0,-55.0,-23.0,-34.0,0
43.0,-256.0,2.0,-52.0,-23.0,-38.0,0
40.0,-259.0,2.0,-52.0,-24.0,-37.0,0
33.0,-261.0,5.0,-57.0,-31.0,-34.0,0
33.0,-259.0,5.0,-63.0,-39.0,-29.0,0
29.0,-261.0,9.0,-61.0,-51.0,-20.0,0
31.0,-269.0,7.0,-56.0,-66.0,-10.0,0
33.0,-267.0,7.0,-48.0,-79.0,-3.0,0
33.0,-266.0,5.0,-40.0,-85.0,-3.0,0
27.0,-265.0,4.0,-28.0,-81.0,-6.0,0
30.0,-261.0,6.0,-14.0,-75.0,-6.0,0
31.0,-261.0,7.0,2.0,-72.0,-13.0,0
31.0,-259.0,2.0,15.0,-73.0,-24.0,0
34.0,-258.0,2.0,22.0,-77.0,-32.0,0
34.0,-254.0,2.0,26.0,-90.0,-44.0,0
36.0,-253.0,2.0,22.0,-99.0,-52.0,0
32.0,-256.0,7.0,13.0,-105.0,-51.0,0
33.0,-258.0,2.0,-8.0,-109.0,-47.0,0
35.0,-258.0,8.0,-28.0,-114.0,-45.0,0
34.0,-257.0,4.0,-41.0,-118.0,-45.0,0
33.0,-257.0,8.0,-46.0,-124.0,-42.0,0
35.0,-258.0,6.0,-46.0,-131.0,-39.0,0
34.0,-259.0,8.0,-49.0,-137.0,-42.0,0
34.0,-258.0,8.0,-53.0,-138.0,-44.0,0
33.0,-259.0,10.0,-49.0,-142.0,-38.0,0
37.0,-256.0,7.0,-44.0,-147.0,-36.0,0
39.0,-256.0,4.0,-35.0,-142.0,-30.0,0
41.0,-255.0,7.0,-25.0,-135.0,-25.0,0
42.0,-259.0,5.0,-25.0,-134.0,-28.0,0
40.0,-259.0,7.0,-32.0,-132.0,-34.0,0
42.0,-260.0,13.0,-39.0,-128.0,-44.0,0
42.0,-257.0,7.0,-34.0,-131.0,-58.0,0
51.0,-257.0,5.0,-29.0,-142.0,-60.0,0
50.0,-255.0,7.0,-32.0,-152.0,-63.0,0
57.0,-258.0,9.0,-45.0,-149.0,-65.0,0
52.0,-253.0,6.0,-52.0,-135.0,-59.0,0
53.0,-256.0,7.0,-45.0,-120.0,-48.0,0
55.0,-254.0,10.0,-37.0,-104.0,-47.0,0
50.0,-256.0,12.0,-37.0,-86.0,-56.0,0
59.0,-256.0,7.0,-45.0,-72.0,-70.0,0
50.0,-256.0,10.0,-59.0,-56.0,-85.0,0
48.0,-257.0,10.0,-71.0,-48.0,-103.0,0
57.0,-257.0,9.0,-74.0,-41.0,-96.0,0
56.0,-256.0,11.0,-71.0,-45.0,-106.0,0
55.0,-255.0,11.0,-71.0,-57.0,-111.0,0
62.0,-255.0,8.0,-70.0,-65.0,-107.0,0
56.0,-255.0,11.0,-78.0,-66.0,-98.0,0
51.0,-250.0,14.0,-80.0,-63.0,-82.0,0
49.0,-251.0,14.0,-60.0,-71.0,-78.0,0
53.0,-254.0,17.0,-46.0,-85.0,-80.0,0
55.0,-256.0,21.0,-39.0,-94.0,-82.0,0
51.0,-256.0,23.0,-33.0,-101.0,-83.0,0
54.0,-257.0,23.0,-21.0,-111.0,-81.0,0
47.0,-257.0,21.0,-9.0,-126.0,-83.0,0
45.0,-256.0,24.0,1.0,-142.0,-85.0,0
46.0,-257.0,25.0,15.0,-159.0,-83.0,0
44.0,-257.0,24.0,21.0,-179.0,-86.0,0
42.0,-257.0,29.0,21.0,-195.0,-83.0,0
41.0,-257.0,24.0,30.0,-211.0,-70.0,0
46.0,-250.0,20.0,44.0,-224.0,-56.0,0
44.0,-256.0,15.0,59.0,-223.0,-41.0,0
42.0,-255.0,19.0,55.0,-218.0,-31.0,0
38.0,-256.0,16.0,45.0,-217.0,-23.0,0
42.0,-252.0,16.0,42.0,-224.0,-15.0,0
47.0,-257.0,15.0,36.0,-236.0,1.0,0
46.0,-253.0,10.0,32.0,-252.0,0.0,0
44.0,-256.0,10.0,25.0,-269.0,-9.0,0
45.0,-253.0,10.0,18.0,-286.0,-12.0,0
48.0,-256.0,12.0,16.0,-299.0,-11.0,0
50.0,-252.0,14.0,19.0,-308.0,-16.0,0
47.0,-249.0,15.0,31.0,-316.0,-27.0,0
48.0,-247.0,11.0,45.0,-316.0,-19.0,0
53.0,-249.0,12.0,48.0,-311.0,-4.0,0
54.0,-253.0,19.0,37.0,-308.0,-6.0,0
52.0,-255.0,23.0,24.0,-301.0,-20.0,0
47.0,-252.0,20.0,16.0,-296.0,-34.0,0
48.0,-250.0,20.0,34.0,-287.0,-31.0,0
48.0,-246.0,19.0,69.0,-280.0,-24.0,0
48.0,-245.0,17.0,95.0,-274.0,-21.0,0
49.0,-245.0,16.0,101.0,-271.0,-19.0,0
48.0,-240.0,12.0,96.0,-272.0,-13.0,0
49.0,-237.0,12.0,81.0,-274.0,-3.0,0
48.0,-238.0,12.0,60.0,-279.0,9.0,0
41.0,-241.0,12.0,41.0,-284.0,20.0,0
41.0,-239.0,17.0,26.0,-292.0,32.0,0
34.0,-243.0,13.0,18.0,-304.0,46.0,0
45.0,-246.0,17.0,0.0,-312.0,78.0,0
36.0,-245.0,20.0,-3.0,-325.0,81.0,0
38.0,-245.0,19.0,1.0,-332.0,86.0,0
32.0,-244.0,15.0,8.0,-346.0,85.0,0
35.0,-243.0,15.0,3.0,-362.0,86.0,0
39.0,-245.0,10.0,-12.0,-374.0,90.0,0
38.0,-246.0,15.0,-31.0,-383.0,93.0,0
40.0,-246.0,13.0,-47.0,-391.0,95.0,0
39.0,-247.0,13.0,-59.0,-395.0,93.0,0
39.0,-250.0,16.0,-63.0,-399.0,92.0,0
40.0,-253.0,16.0,-62.0,-405.0,87.0,0
42.0,-250.0,22.0,-54.0,-411.0,86.0,0
45.0,-250.0,19.0,-43.0,-416.0,86.0,0
43.0,-250.0,20.0,-34.0,-420.0,91.0,0
44.0,-257.0,21.0,-33.0,-422.0,98.0,0
45.0,-258.0,19.0,-42.0,-423.0,109.0,0
44.0,-259.0,17.0,-52.0,-426.0,121.0,0
42.0,-262.0,19.0,-54.0,-430.0,129.0,0
32.0,-261.0,17.0,-53.0,-435.0,139.0,0
32.0,-267.0,21.0,-56.0,-442.0,164.0,0
36.0,-265.0,21.0,-60.0,-460.0,181.0,0
41.0,-260.0,23.0,-51.0,-473.0,187.0,0
42.0,-253.0,20.0,-22.0,-483.0,180.0,0
51.0,-253.0,14.0,8.0,-484.0,171.0,0
44.0,-248.0,16.0,29.0,-484.0,154.0,0
51.0,-245.0,10.0,31.0,-481.0,145.0,0
51.0,-245.0,8.0,17.0,-483.0,134.0,0
49.0,-247.0,12.0,-2.0,-480.0,123.0,0
49.0,-247.0,12.0,-28.0,-472.0,120.0,0
50.0,-253.0,13.0,-59.0,-466.0,121.0,0
50.0,-256.0,16.0,-82.0,-459.0,128.0,0
51.0,-259.0,24.0,-97.0,-453.0,134.0,0
52.0,-264.0,27.0,-96.0,-451.0,135.0,0
54.0,-264.0,20.0,-87.0,-445.0,136.0,0
51.0,-264.0,26.0,-72.0,-436.0,139.0,0
50.0,-267.0,20.0,-57.0,-431.0,143.0,0
54.0,-269.0,22.0,-48.0,-428.0,150.0,0
55.0,-262.0,23.0,-31.0,-434.0,150.0,0
47.0,-266.0,27.0,-5.0,-440.0,146.0,0
40.0,-257.0,18.0,18.0,-450.0,150.0,0
44.0,-257.0,17.0,16.0,-467.0,175.0,0
43.0,-254.0,16.0,16.0,-495.0,184.0,0
40.0,-251.0,18.0,23.0,-515.0,190.0,0
41.0,-252.0,20.0,33.0,-531.0,196.0,0
41.0,-249.0,21.0,45.0,-542.0,196.0,0
39.0,-247.0,21.0,54.0,-554.0,195.0,0
38.0,-249.0,23.0,61.0,-561.0,192.0,0
39.0,-251.0,24.0,65.0,-566.0,191.0,0
41.0,-255.0,30.0,61.0,-569.0,192.0,0
34.0,-252.0,27.0,55.0,-574.0,199.0,0
38.0,-257.0,24.0,50.0,-581.0,203.0,0
36.0,-255.0,23.0,48.0,-591.0,203.0,0
35.0,-258.0,23.0,54.0,-598.0,203.0,0
38.0,-259.0,21.0,64.0,-606.0,205.0,0
41.0,-258.0,21.0,68.0,-615.0,210.0,0
37.0,-256.0,20.0,68.0,-624.0,215.0,0
42.0,-257.0,21.0,66.0,-632.0,218.0,0
40.0,-255.0,20.0,63.0,-634.0,223.0,0
41.0,-253.0,17.0,64.0,-639.0,226.0,0
40.0,-253.0,15.0,66.0,-640.0,228.0,0
39.0,-250.0,16.0,68.0,-639.0,231.0,0
35.0,-244.0,14.0,63.0,-641.0,237.0,0
38.0,-246.0,12.0,55.0,-644.0,243.0,0
38.0,-246.0,14.0,41.0,-647.0,249.0,0
40.0,-245.0,13.0,20.0,-647.0,252.0,0
38.0,-245.0,14.0,4.0,-646.0,257.0,0
36.0,-244.0,17.0,-5.0,-644.0,254.0,0
39.0,-247.0,22.0,-12.0,-638.0,255.0,0
38.0,-251.0,18.0,-20.0,-637.0,256.0,0
37.0,-252.0,20.0,-27.0,-640.0,256.0,0
38.0,-252.0,17.0,-27.0,-641.0,254.0,0
39.0,-251.0,17.0,-32.0,-644.0,256.0,0
33.0,-251.0,14.0,-33.0,-644.0,258.0,0
36.0,-253.0,15.0,-31.0,-647.0,261.0,0
37.0,-251.0,16.0,-28.0,-649.0,264.0,0
37.0,-250.0,15.0,-27.0,-653.0,271.0,0
38.0,-250.0,17.0,-27.0,-659.0,279.0,0
38.0,-248.0,18.0,-27.0,-665.0,287.0,0
37.0,-250.0,13.0,-29.0,-675.0,296.0,0
37.0,-247.0,16.0,-30.0,-688.0,308.0,0
34.0,-246.0,14.0,-33.0,-702.0,321.0,0
31.0,-244.0,15.0,-40.0,-713.0,336.0,0
32.0,-245.0,14.0,-46.0,-725.0,350.0,0
31.0,-245.0,15.0,-54.0,-732.0,362.0,0
30.0,-246.0,15.0,-61.0,-734.0,372.0,0
35.0,-246.0,17.0,-63.0,-731.0,380.0,0
33.0,-253.0,17.0,-67.0,-727.0,384.0,0
37.0,-251.0,22.0,-68.0,-725.0,386.0,0
37.0,-250.0,14.0,-70.0,-723.0,385.0,0
34.0,-250.0,20.0,-74.0,-722.0,383.0,0
34.0,-247.0,14.0,-80.0,-725.0,387.0,0
33.0,-248.0,16.0,-83.0,-732.0,389.0,0
30.0,-249.0,12.0,-87.0,-744.0,396.0,0
29.0,-250.0,13.0,-91.0,-761.0,408.0,0
27.0,-249.0,11.0,-99.0,-779.0,427.0,0
27.0,-250.0,8.0,-106.0,-796.0,446.0,0
25.0,-248.0,12.0,-111.0,-812.0,459.0,0
24.0,-250.0,15.0,-113.0,-820.0,467.0,0
30.0,-251.0,17.0,-114.0,-825.0,470.0,0
27.0,-256.0,15.0,-114.0,-827.0,466.0,0
28.0,-255.0,17.0,-114.0,-824.0,460.0,0
28.0,-254.0,18.0,-114.0,-814.0,449.0,0
33.0,-254.0,14.0,-118.0,-799.0,438.0,0
31.0,-255.0,9.0,-125.0,-784.0,428.0,0
33.0,-255.0,10.0,-131.0,-775.0,415.0,0
36.0,-255.0,11.0,-142.0,-769.0,400.0,0
40.0,-252.0,12.0,-149.0,-767.0,384.0,0
36.0,-255.0,15.0,-152.0,-762.0,366.0,0
44.0,-255.0,15.0,-159.0,-755.0,351.0,0
44.0,-255.0,14.0,-170.0,-749.0,339.0,0
45.0,-258.0,19.0,-185.0,-741.0,329.0,0
53.0,-258.0,12.0,-200.0,-731.0,317.0,0
46.0,-256.0,14.0,-212.0,-715.0,303.0,0
47.0,-261.0,16.0,-217.0,-693.0,292.0,0
45.0,-258.0,18.0,-217.0,-673.0,286.0,0
41.0,-260.0,11.0,-215.0,-663.0,287.0,0
39.0,-257.0,7.0,-214.0,-658.0,295.0,0
38.0,-259.0,6.0,-221.0,-661.0,311.0,0
40.0,-260.0,3.0,-232.0,-661.0,328.0,0
36.0,-263.0,1.0,-246.0,-654.0,341.0,0
32.0,-264.0,1.0,-255.0,-639.0,352.0,0
29.0,-263.0,2.0,-255.0,-616.0,361.0,0
28.0,-264.0,5.0,-247.0,-588.0,367.0,0
30.0,-263.0,2.0,-231.0,-563.0,375.0,0
30.0,-264.0,0.0,-211.0,-547.0,383.0,0
33.0,-267.0,1.0,-199.0,-541.0,393.0,0
39.0,-264.0,-1.0,-188.0,-537.0,404.0,0
41.0,-266.0,-5.0,-179.0,-530.0,414.0,0
46.0,-268.0,-11.0,-176.0,-514.0,421.0,0
44.0,-268.0,-17.0,-179.0,-488.0,429.0,0
43.0,-271.0,-21.0,-191.0,-455.0,435.0,0
41.0,-280.0,-26.0,-215.0,-427.0,437.0,0
44.0,-280.0,-35.0,-252.0,-406.0,430.0,0
43.0,-287.0,-43.0,-295.0,-390.0,414.0,0
45.0,-287.0,-51.0,-343.0,-376.0,394.0,0
40.0,-288.0,-52.0,-385.0,-361.0,373.0,0
38.0,-290.0,-56.0,-408.0,-353.0,354.0,0
30.0,-289.0,-52.0,-414.0,-354.0,343.0,0
23.0,-288.0,-45.0,-410.0,-371.0,338.0,0
13.0,-283.0,-51.0,-400.0,-402.0,340.0,0
12.0,-282.0,-47.0,-389.0,-440.0,346.0,0
3.0,-279.0,-48.0,-378.0,-474.0,350.0,0
1.0,-273.0,-48.0,-370.0,-491.0,353.0,0
2.0,-268.0,-49.0,-359.0,-486.0,349.0,0
-1.0,-263.0,-48.0,-350.0,-461.0,339.0,0
0.0,-260.0,-45.0,-344.0,-422.0,322.0,0
2.0,-251.0,-51.0,-344.0,-377.0,300.0,0
4.0,-251.0,-52.0,-351.0,-339.0,274.0,0
9.0,-246.0,-46.0,-362.0,-309.0,251.0,0
16.0,-242.0,-45.0,-369.0,-294.0,228.0,0
17.0,-239.0,-38.0,-372.0,-286.0,223.0,0
20.0,-242.0,-32.0,-371.0,-288.0,230.0,0
25.0,-237.0,-32.0,-357.0,-298.0,240.0,0
26.0,-242.0,-24.0,-333.0,-310.0,249.0,0
30.0,-244.0,-19.0,-302.0,-321.0,259.0,0
40.0,-250.0,-16.0,-271.0,-327.0,270.0,0
42.0,-256.0,-15.0,-241.0,-328.0,285.0,0
44.0,-260.0,-14.0,-216.0,-324.0,297.0,0
49.0,-267.0,-19.0,-196.0,-313.0,302.0,0
48.0,-274.0,-21.0,-181.0,-290.0,301.0,0
51.0,-274.0,-25.0,-174.0,-256.0,296.0,0
51.0,-274.0,-31.0,-175.0,-217.0,281.0,0
45.0,-272.0,-26.0,-177.0,-184.0,258.0,0
41.0,-270.0,-34.0,-182.0,-171.0,235.0,0
33.0,-266.0,-35.0,-199.0,-173.0,221.0,0
20.0,-266.0,-40.0,-224.0,-185.0,220.0,0
17.0,-267.0,-37.0,-256.0,-207.0,223.0,0
2.0,-266.0,-36.0,-286.0,-232.0,226.0,0
-1.0,-265.0,-34.0,-304.0,-255.0,227.0,0
-9.0,-262.0,-26.0,-301.0,-270.0,224.0,0
-20.0,-261.0,-25.0,-272.0,-270.0,220.0,0
-23.0,-263.0,-25.0,-229.0,-261.0,217.0,0
-32.0,-265.0,-21.0,-196.0,-247.0,212.0,0
-34.0,-265.0,-22.0,-186.0,-233.0,206.0,0
-28.0,-267.0,-17.0,-197.0,-213.0,198.0,0
-21.0,-267.0,-23.0,-229.0,-186.0,195.0,0
-13.0,-272.0,-25.0,-270.0,-155.0,191.0,0
2.0,-269.0,-24.0,-317.0,-115.0,191.0,0
24.0,-267.0,-33.0,-366.0,-72.0,193.0,0
23.0,-269.0,-31.0,-417.0,-29.0,192.0,0
32.0,-273.0,-35.0,-468.0,6.0,205.0,0
42.0,-274.0,-43.0,-513.0,34.0,223.0,0
39.0,-269.0,-51.0,-546.0,55.0,237.0,0
37.0,-272.0,-42.0,-566.0,82.0,252.0,0
39.0,-280.0,-40.0,-593.0,103.0,278.0,0
38.0,-285.0,-35.0,-614.0,110.0,316.0,0
36.0,-285.0,-36.0,-613.0,113.0,345.0,0
27.0,-290.0,-30.0,-591.0,112.0,359.0,0
19.0,-288.0,-21.0,-554.0,109.0,370.0,0
14.0,-275.0,-34.0,-511.0,101.0,390.0,0
5.0,-287.0,-23.0,-468.0,79.0,410.0,0
2.0,-286.0,-21.0,-431.0,56.0,438.0,0
0.0,-279.0,-20.0,-391.0,38.0,467.0,0
-8.0,-273.0,-27.0,-354.0,26.0,497.0,0
-9.0,-271.0,-29.0,-330.0,16.0,532.0,0
-14.0,-269.0,-34.0,-312.0,4.0,559.0,0
-20.0,-266.0,-38.0,-305.0,0.0,579.0,0
-28.0,-263.0,-45.0,-312.0,-7.0,591.0,0
-28.0,-262.0,-48.0,-322.0,-12.0,598.0,0
-35.0,-260.0,-44.0,-330.0,-19.0,608.0,0
-38.0,-268.0,-39.0,-329.0,-29.0,621.0,0
-44.0,-263.0,-48.0,-333.0,-40.0,628.0,0
-47.0,-259.0,-51.0,-350.0,-49.0,624.0,0
-49.0,-259.0,-49.0,-363.0,-56.0,621.0,0
-47.0,-256.0,-44.0,-368.0,-62.0,615.0,0
-48.0,-255.0,-39.0,-364.0,-67.0,606.0,0
-51.0,-256.0,-38.0,-352.0,-74.0,600.0,0
-49.0,-256.0,-35.0,-342.0,-79.0,597.0,0
-46.0,-257.0,-32.0,-343.0,-80.0,602.0,0
-47.0,-261.0,-32.0,-349.0,-82.0,613.0,0
-51.0,-257.0,-34.0,-355.0,-90.0,626.0,0
-47.0,-262.0,-35.0,-360.0,-104.0,631.0,0
-46.0,-259.0,-31.0,-358.0,-120.0,630.0,0
-46.0,-259.0,-37.0,-343.0,-132.0,626.0,0
-42.0,-265.0,-36.0,-325.0,-141.0,614.0,0
-39.0,-257.0,-38.0,-312.0,-145.0,596.0,0
-36.0,-256.0,-41.0,-293.0,-141.0,587.0,0
-39.0,-258.0,-42.0,-272.0,-145.0,582.0,0
-41.0,-263.0,-42.0,-243.0,-154.0,576.0,0
-40.0,-267.0,-39.0,-191.0,-166.0,573.0,0
-45.0,-271.0,-38.0,-117.0,-181.0,572.0,0
-44.0,-273.0,-37.0,-27.0,-197.0,572.0,0
-50.0,-271.0,-41.0,70.0,-214.0,573.0,0
-49.0,-266.0,-38.0,160.0,-234.0,572.0,0
-62.0,-257.0,-48.0,237.0,-252.0,569.0,0
-63.0,-253.0,-44.0,288.0,-270.0,565.0,0
-67.0,-247.0,-49.0,313.0,-286.0,558.0,0
-65.0,-236.0,-47.0,315.0,-294.0,550.0,0
-64.0,-229.0,-47.0,303.0,-296.0,532.0,0
-65.0,-216.0,-47.0,275.0,-292.0,509.0,0
-63.0,-216.0,-43.0,236.0,-283.0,486.0,0
-58.0,-216.0,-43.0,188.0,-277.0,463.0,0
-55.0,-215.0,-41.0,138.0,-273.0,441.0,0
-54.0,-218.0,-40.0,92.0,-270.0,418.0,0
-46.0,-227.0,-34.0,51.0,-267.0,394.0,0
-46.0,-224.0,-35.0,24.0,-265.0,362.0,0
-38.0,-227.0,-37.0,1.0,-259.0,332.0,0
-28.0,-231.0,-38.0,-19.0,-247.0,302.0,0
-32.0,-234.0,-39.0,-34.0,-231.0,267.0,0
-38.0,-235.0,-40.0,-48.0,-214.0,227.0,0
-34.0,-242.0,-38.0,-60.0,-202.0,192.0,0
-32.0,-240.0,-35.0,-83.0,-197.0,163.0,0
-31.0,-239.0,-34.0,-100.0,-184.0,129.0,0
-31.0,-241.0,-32.0,-104.0,-169.0,94.0,0
-37.0,-240.0,-33.0,-100.0,-157.0,64.0,0
-38.0,-235.0,-34.0,-87.0,-144.0,43.0,0
-41.0,-235.0,-31.0,-80.0,-129.0,28.0,0
-39.0,-240.0,-38.0,-74.0,-106.0,16.0,0
-43.0,-235.0,-38.0,-72.0,-78.0,1.0,0
-46.0,-235.0,-40.0,-72.0,-41.0,-13.0,0
-44.0,-238.0,-44.0,-74.0,0.0,-27.0,0
-46.0,-231.0,-40.0,-84.0,34.0,-43.0,0
-44.0,-239.0,-40.0,-95.0,63.0,-53.0,0
-41.0,-241.0,-41.0,-104.0,87.0,-58.0,0
-39.0,-247.0,-38.0,-110.0,105.0,-61.0,0
-38.0,-251.0,-35.0,-111.0,119.0,-62.0,0
-35.0,-248.0,-30.0,-105.0,127.0,-64.0,0
-34.0,-249.0,-34.0,-91.0,133.0,-64.0,0
-39.0,-249.0,-27.0,-73.0,133.0,-67.0,0
-35.0,-248.0,-31.0,-52.0,129.0,-65.0,0
-39.0,-245.0,-33.0,-28.0,118.0,-60.0,0
-41.0,-242.0,-38.0,-8.0,109.0,-49.0,0
-40.0,-240.0,-33.0,7.0,101.0,-37.0,0
-41.0,-240.0,-34.0,13.0,103.0,-25.0,0
-40.0,-241.0,-35.0,17.0,118.0,-11.0,0
-43.0,-235.0,-30.0,16.0,143.0,0.0,0
-43.0,-235.0,-31.0,17.0,176.0,9.0,0
-42.0,-235.0,-35.0,21.0,216.0,16.0,0
-43.0,-235.0,-35.0,26.0,261.0,22.0,0
-42.0,-233.0,-34.0,32.0,310.0,30.0,0
-41.0,-236.0,-32.0,40.0,360.0,38.0,0
-42.0,-238.0,-32.0,50.0,402.0,47.0,0
-41.0,-237.0,-30.0,66.0,439.0,51.0,0
-38.0,-238.0,-26.0,83.0,469.0,55.0,0
-34.0,-238.0,-22.0,102.0,487.0,57.0,0
-33.0,-240.0,-21.0,126.0,500.0,61.0,0
-36.0,-236.0,-21.0,153.0,507.0,62.0,0
-34.0,-235.0,-20.0,192.0,518.0,64.0,0
-38.0,-233.0,-24.0,235.0,531.0,65.0,0
-41.0,-230.0,-23.0,278.0,544.0,64.0,0
-45.0,-228.0,-30.0,313.0,550.0,65.0,0
-44.0,-227.0,-31.0,337.0,554.0,66.0,0
-47.0,-228.0,-28.0,348.0,555.0,69.0,0
-49.0,-226.0,-24.0,354.0,565.0,68.0,0
-50.0,-227.0,-28.0,352.0,579.0,67.0,0
-55.0,-228.0,-22.0,348.0,593.0,65.0,0
-61.0,-229.0,-21.0,346.0,603.0,58.0,0
-66.0,-234.0,-22.0,345.0,610.0,47.0,0
-67.0,-240.0,-18.0,354.0,606.0,36.0,0
-71.0,-247.0,-19.0,373.0,601.0,30.0,0
-75.0,-249.0,-17.0,393.0,594.0,29.0,0
-73.0,-253.0,-17.0,411.0,597.0,25.0,0
-71.0,-255.0,-21.0,425.0,611.0,16.0,0
-74.0,-259.0,-21.0,437.0,636.0,2.0,0
-73.0,-258.0,-25.0,440.0,663.0,-13.0,0
-71.0,-252.0,-23.0,442.0,683.0,-32.0,0
-62.0,-251.0,-19.0,441.0,700.0,-52.0,0
-58.0,-245.0,-22.0,440.0,724.0,-82.0,0
-52.0,-237.0,-22.0,434.0,751.0,-117.0,0
-45.0,-230.0,-23.0,423.0,771.0,-149.0,0
-40.0,-220.0,-22.0,406.0,784.0,-172.0,0
-39.0,-214.0,-21.0,382.0,794.0,-190.0,0
-35.0,-212.0,-22.0,344.0,804.0,-201.0,0
-33.0,-215.0,-19.0,295.0,810.0,-205.0,0
-35.0,-217.0,-21.0,246.0,810.0,-197.0,0
-37.0,-228.0,-18.0,202.0,802.0,-177.0,0
-43.0,-239.0,-23.0,168.0,799.0,-151.0,0
-51.0,-246.0,-20.0,145.0,802.0,-126.0,0
-58.0,-252.0,-20.0,138.0,816.0,-104.0,0
-60.0,-259.0,-17.0,155.0,838.0,-85.0,0
-65.0,-261.0,-21.0,193.0,869.0,-72.0,0
-67.0,-257.0,-22.0,240.0,903.0,-61.0,0
-68.0,-252.0,-26.0,283.0,941.0,-54.0,0
-65.0,-249.0,-31.0,305.0,982.0,-48.0,0
-60.0,-240.0,-32.0,306.0,1024.0,-47.0,0
-53.0,-231.0,-35.0,281.0,1064.0,-51.0,0
-44.0,-220.0,-41.0,235.0,1101.0,-53.0,0
-35.0,-218.0,-45.0,171.0,1131.0,-55.0,0
-31.0,-211.0,-43.0,94.0,1153.0,-59.0,0
-29.0,-214.0,-41.0,11.0,1161.0,-56.0,0
-44.0,-212.0,-40.0,-64.0,1150.0,-44.0,0
-42.0,-215.0,-38.0,-122.0,1126.0,-20.0,0
-49.0,-222.0,-39.0,-156.0,1100.0,3.0,0
-61.0,-224.0,-37.0,-169.0,1086.0,25.0,0
-69.0,-231.0,-41.0,-164.0,1086.0,40.0,0
-79.0,-233.0,-41.0,-146.0,1093.0,51.0,0
-82.0,-241.0,-34.0,-118.0,1106.0,54.0,0
-90.0,-244.0,-37.0,-84.0,1122.0,56.0,0
-91.0,-244.0,-39.0,-47.0,1134.0,58.0,0
-92.0,-241.0,-39.0,-13.0,1139.0,62.0,0
-83.0,-233.0,-46.0,6.0,1132.0,67.0,0
-94.0,-234.0,-42.0,10.0,1117.0,77.0,0
-80.0,-231.0,-38.0,-5.0,1101.0,87.0,0
-76.0,-226.0,-42.0,-33.0,1083.0,93.0,0
-67.0,-226.0,-41.0,-75.0,1065.0,97.0,0
-62.0,-228.0,-36.0,-121.0,1046.0,101.0,0
-62.0,-231.0,-38.0,-165.0,1024.0,105.0,0
-64.0,-239.0,-37.0,-200.0,996.0,109.0,0
-73.0,-248.0,-34.0,-226.0,961.0,110.0,0
-75.0,-258.0,-35.0,-240.0,919.0,121.0,0
-84.0,-258.0,-36.0,-234.0,878.0,134.0,0
-89.0,-267.0,-33.0,-207.0,849.0,148.0,0
-85.0,-264.0,-43.0,-168.0,847.0,153.0,0
-82.0,-264.0,-40.0,-127.0,876.0,150.0,0
-73.0,-257.0,-41.0,-92.0,923.0,141.0,0
-64.0,-256.0,-38.0,-67.0,972.0,123.0,0
-60.0,-242.0,-42.0,-53.0,1019.0,101.0,0
-51.0,-240.0,-43.0,-47.0,1053.0,81.0,0
-48.0,-235.0,-45.0,-45.0,1070.0,66.0,0
-49.0,-225.0,-51.0,-56.0,1069.0,63.0,0
-43.0,-227.0,-43.0,-73.0,1063.0,67.0,0
-36.0,-210.0,-57.0,-98.0,1060.0,71.0,0
-39.0,-199.0,-60.0,-125.0,1066.0,70.0,0
-24.0,-194.0,-61.0,-155.0,1077.0,68.0,0
-26.0,-192.0,-57.0,-183.0,1086.0,62.0,0
-26.0,-197.0,-60.0,-213.0,1082.0,59.0,0
-32.0,-201.0,-59.0,-238.0,1058.0,66.0,0
-48.0,-209.0,-54.0,-255.0,1020.0,82.0,0
-58.0,-221.0,-52.0,-258.0,980.0,104.0,0
-66.0,-229.0,-48.0,-245.0,947.0,126.0,0
-74.0,-237.0,-53.0,-224.0,923.0,145.0,0
-81.0,-242.0,-47.0,-194.0,911.0,160.0,0
-83.0,-249.0,-41.0,-155.0,907.0,169.0,0
-85.0,-248.0,-38.0,-114.0,902.0,172.0,0
-83.0,-248.0,-36.0,-77.0,891.0,173.0,0
-81.0,-250.0,-32.0,-54.0,877.0,174.0,0
-78.0,-249.0,-36.0,-36.0,862.0,176.0,0
-77.0,-247.0,-34.0,-28.0,848.0,179.0,0
-71.0,-245.0,-40.0,-35.0,834.0,182.0,0
-64.0,-241.0,-44.0,-54.0,821.0,185.0,0
-62.0,-233.0,-46.0,-79.0,810.0,183.0,0
-60.0,-231.0,-50.0,-112.0,796.0,178.0,0
-57.0,-226.0,-54.0,-146.0,779.0,169.0,0
-59.0,-224.0,-59.0,-180.0,757.0,155.0,0
-59.0,-230.0,-66.0,-218.0,727.0,136.0,0
-65.0,-230.0,-64.0,-256.0,697.0,118.0,0
-65.0,-239.0,-68.0,-287.0,665.0,103.0,0
-63.0,-246.0,-67.0,-300.0,644.0,90.0,0
-60.0,-254.0,-65.0,-299.0,635.0,73.0,0
-61.0,-256.0,-58.0,-283.0,642.0,54.0,0
-59.0,-262.0,-54.0,-256.0,655.0,44.0,0
-60.0,-271.0,-50.0,-223.0,670.0,38.0,0
-55.0,-278.0,-43.0,-187.0,681.0,33.0,0
-55.0,-278.0,-42.0,-136.0,681.0,24.0,0
-55.0,-279.0,-38.0,-80.0,680.0,13.0,0
-53.0,-277.0,-41.0,-26.0,679.0,-5.0,0
-50.0,-274.0,-43.0,31.0,677.0,-36.0,0
-49.0,-269.0,-51.0,86.0,672.0,-72.0,0
-48.0,-263.0,-52.0,123.0,660.0,-109.0,0
-54.0,-257.0,-56.0,134.0,650.0,-142.0,0
-55.0,-255.0,-71.0,111.0,644.0,-167.0,0
-61.0,-250.0,-72.0,62.0,646.0,-191.0,0
-64.0,-254.0,-73.0,-3.0,646.0,-207.0,0
-69.0,-252.0,-69.0,-63.0,646.0,-213.0,0
-67.0,-256.0,-71.0,-109.0,644.0,-214.0,0
-69.0,-258.0,-68.0,-132.0,640.0,-214.0,0
-72.0,-257.0,-63.0,-142.0,639.0,-205.0,0
-67.0,-264.0,-58.0,-144.0,629.0,-195.0,0
-75.0,-266.0,-51.0,-134.0,614.0,-183.0,0
-71.0,-266.0,-47.0,-114.0,592.0,-168.0,0
-75.0,-269.0,-44.0,-97.0,564.0,-154.0,0
-79.0,-269.0,-44.0,-88.0,539.0,-141.0,0
-80.0,-270.0,-42.0,-84.0,515.0,-126.0,0
-88.0,-273.0,-39.0,-76.0,481.0,-109.0,0
-92.0,-272.0,-38.0,-64.0,441.0,-90.0,0
-91.0,-274.0,-35.0,-51.0,398.0,-68.0,0
-92.0,-274.0,-37.0,-31.0,348.0,-48.0,0
-90.0,-279.0,-34.0,-6.0,298.0,-32.0,0
-92.0,-279.0,-33.0,15.0,250.0,-16.0,0
-89.0,-276.0,-32.0,34.0,199.0,-4.0,0
-85.0,-276.0,-33.0,48.0,141.0,3.0,0
-75.0,-277.0,-31.0,55.0,90.0,6.0,0
-69.0,-277.0,-30.0,61.0,49.0,5.0,0
-63.0,-277.0,-31.0,56.0,17.0,2.0,0
-50.0,-277.0,-30.0,48.0,-11.0,-3.0,0
-44.0,-276.0,-32.0,39.0,-35.0,-12.0,0
-30.0,-277.0,-33.0,32.0,-59.0,-26.0,0
-30.0,-276.0,-36.0,22.0,-83.0,-46.0,0
-20.0,-271.0,-38.0,8.0,-103.0,-67.0,0
-26.0,-270.0,-38.0,-12.0,-121.0,-97.0,0
-20.0,-274.0,-38.0,-32.0,-131.0,-123.0,0
-20.0,-280.0,-44.0,-50.0,-141.0,-147.0,0
-13.0,-282.0,-40.0,-62.0,-153.0,-178.0,0
-24.0,-285.0,-43.0,-62.0,-158.0,-210.0,0
-30.0,-287.0,-42.0,-54.0,-157.0,-237.0,0
-29.0,-288.0,-40.0,-31.0,-163.0,-246.0,0
-34.0,-291.0,-39.0,-2.0,-168.0,-250.0,0
-35.0,-296.0,-34.0,33.0,-175.0,-255.0,0
-35.0,-300.0,-31.0,78.0,-182.0,-263.0,0
-42.0,-297.0,-35.0,124.0,-196.0,-272.0,0
-44.0,-298.0,-30.0,168.0,-215.0,-276.0,0
-44.0,-298.0,-30.0,207.0,-233.0,-279.0,0
-46.0,-297.0,-33.0,241.0,-242.0,-285.0,0
-46.0,-297.0,-34.0,270.0,-241.0,-292.0,0
-43.0,-297.0,-36.0,294.0,-234.0,-304.0,0
-42.0,-291.0,-33.0,317.0,-219.0,-314.0,0
-40.0,-289.0,-38.0,337.0,-197.0,-326.0,0
-35.0,-286.0,-42.0,358.0,-169.0,-337.0,0
-35.0,-282.0,-46.0,370.0,-137.0,-349.0,0
-28.0,-281.0,-49.0,376.0,-106.0,-359.0,0
-30.0,-277.0,-50.0,379.0,-70.0,-370.0,0
-22.0,-277.0,-54.0,380.0,-31.0,-381.0,0
-18.0,-278.0,-56.0,376.0,8.0,-386.0,0
-16.0,-273.0,-55.0,367.0,49.0,-389.0,0
-13.0,-273.0,-58.0,353.0,90.0,-388.0,0
-10.0,-271.0,-53.0,335.0,127.0,-390.0,0
-9.0,-270.0,-54.0,315.0,156.0,-392.0,0
-7.0,-270.0,-55.0,292.0,173.0,-389.0,0
-10.0,-265.0,-53.0,272.0,179.0,-386.0,0
-15.0,-259.0,-54.0,248.0,171.0,-381.0,0
-11.0,-265.0,-61.0,227.0,148.0,-368.0,0
-9.0,-266.0,-63.0,197.0,118.0,-357.0,0
-10.0,-267.0,-64.0,165.0,83.0,-345.0,0
-7.0,-269.0,-66.0,136.0,53.0,-335.0,0
-7.0,-266.0,-67.0,113.0,26.0,-327.0,0
-10.0,-266.0,-67.0,93.0,7.0,-324.0,0
-12.0,-263.0,-66.0,80.0,-7.0,-323.0,0
-12.0,-261.0,-64.0,62.0,-18.0,-326.0,0
-10.0,-257.0,-65.0,37.0,-23.0,-335.0,0
-7.0,-259.0,-64.0,5.0,-24.0,-344.0,0
-6.0,-257.0,-66.0,-34.0,-19.0,-352.0,0
-3.0,-259.0,-68.0,-75.0,-10.0,-358.0,0
-6.0,-264.0,-63.0,-109.0,5.0,-366.0,0
-3.0,-264.0,-60.0,-134.0,19.0,-373.0,0
-3.0,-267.0,-62.0,-146.0,26.0,-379.0,0
-1.0,-264.0,-62.0,-147.0,25.0,-380.0,0
-6.0,-263.0,-63.0,-143.0,23.0,-385.0,0
-9.0,-267.0,-66.0,-136.0,32.0,-396.0,0
-11.0,-265.0,-68.0,-127.0,43.0,-404.0,0
-16.0,-263.0,-65.0,-116.0,60.0,-411.0,0
-14.0,-260.0,-65.0,-98.0,75.0,-411.0,0
-7.0,-260.0,-65.0,-72.0,93.0,-411.0,0
-12.0,-258.0,-63.0,-42.0,112.0,-412.0,0
-13.0,-256.0,-65.0,-20.0,127.0,-412.0,0
-9.0,-254.0,-62.0,3.0,136.0,-414.0,0
0.0,-252.0,-63.0,28.0,143.0,-415.0,0
-2.0,-248.0,-65.0,49.0,145.0,-418.0,0
0.0,-245.0,-65.0,66.0,145.0,-423.0,0
0.0,-244.0,-64.0,75.0,140.0,-425.0,0
1.0,-246.0,-66.0,85.0,132.0,-428.0,0
0.0,-246.0,-64.0,100.0,118.0,-432.0,0
-7.0,-249.0,-55.0,120.0,95.0,-430.0,0
3.0,-247.0,-62.0,145.0,73.0,-426.0,0
-2.0,-247.0,-65.0,171.0,59.0,-421.0,0
-1.0,-249.0,-62.0,196.0,53.0,-415.0,0
-3.0,-247.0,-59.0,224.0,54.0,-411.0,0
-5.0,-245.0,-60.0,252.0,57.0,-413.0,0
-1.0,-245.0,-58.0,280.0,57.0,-419.0,0
-2.0,-242.0,-54.0,311.0,59.0,-431.0,0
-3.0,-236.0,-59.0,342.0,57.0,-444.0,0
-8.0,-236.0,-55.0,374.0,47.0,-462.0,0
-5.0,-232.0,-53.0,398.0,38.0,-475.0,0
-2.0,-228.0,-55.0,419.0,34.0,-488.0,0
-2.0,-233.0,-54.0,437.0,39.0,-500.0,0
0.0,-234.0,-46.0,455.0,46.0,-518.0,0
0.0,-237.0,-44.0,477.0,50.0,-528.0,0
3.0,-238.0,-37.0,502.0,55.0,-537.0,0
7.0,-239.0,-39.0,529.0,61.0,-543.0,0
7.0,-237.0,-39.0,548.0,72.0,-549.0,0
10.0,-244.0,-42.0,562.0,84.0,-556.0,0
9.0,-239.0,-41.0,578.0,95.0,-562.0,0
8.0,-244.0,-39.0,598.0,98.0,-568.0,0
8.0,-244.0,-39.0,624.0,87.0,-572.0,0
11.0,-253.0,-39.0,657.0,64.0,-577.0,0
13.0,-253.0,-39.0,685.0,41.0,-579.0,0
13.0,-255.0,-39.0,706.0,30.0,-585.0,0
13.0,-260.0,-42.0,719.0,30.0,-594.0,0
12.0,-267.0,-42.0,734.0,38.0,-605.0,0
11.0,-274.0,-40.0,755.0,44.0,-618.0,0
9.0,-277.0,-35.0,782.0,52.0,-626.0,0
16.0,-282.0,-43.0,811.0,59.0,-637.0,0
14.0,-292.0,-44.0,836.0,76.0,-653.0,0
22.0,-290.0,-46.0,857.0,96.0,-667.0,0
20.0,-295.0,-45.0,866.0,118.0,-677.0,0
20.0,-300.0,-46.0,868.0,140.0,-685.0,0
20.0,-303.0,-48.0,861.0,167.0,-693.0,0
14.0,-311.0,-47.0,860.0,195.0,-701.0,0
15.0,-315.0,-39.0,869.0,214.0,-704.0,0
16.0,-316.0,-39.0,896.0,223.0,-700.0,0
22.0,-322.0,-39.0,919.0,233.0,-697.0,0
25.0,-326.0,-37.0,949.0,247.0,-695.0,0
25.0,-329.0,-37.0,991.0,264.0,-692.0,0
23.0,-330.0,-29.0,1028.0,260.0,-683.0,0
22.0,-325.0,-31.0,1071.0,248.0,-672.0,0
22.0,-320.0,-27.0,1110.0,229.0,-663.0,0
23.0,-319.0,-15.0,1139.0,206.0,-659.0,0
20.0,-313.0,-17.0,1161.0,181.0,-654.0,0
25.0,-310.0,-6.0,1171.0,156.0,-645.0,0
26.0,-301.0,-5.0,1170.0,136.0,-643.0,0
39.0,-296.0,0.0,1164.0,120.0,-643.0,0
38.0,-294.0,7.0,1157.0,109.0,-644.0,0
38.0,-294.0,15.0,1157.0,101.0,-641.0,0
43.0,-291.0,19.0,1164.0,96.0,-635.0,0
46.0,-288.0,18.0,1173.0,86.0,-631.0,0
43.0,-287.0,24.0,1178.0,79.0,-631.0,0
45.0,-284.0,25.0,1188.0,79.0,-632.0,0
45.0,-283.0,33.0,1202.0,80.0,-630.0,0
46.0,-281.0,40.0,1223.0,75.0,-617.0,0
49.0,-277.0,47.0,1248.0,60.0,-602.0,0
47.0,-268.0,43.0,1273.0,46.0,-587.0,0
38.0,-265.0,51.0,1289.0,35.0,-573.0,0
38.0,-261.0,47.0,1300.0,17.0,-550.0,0
41.0,-254.0,48.0,1301.0,-8.0,-536.0,0
41.0,-249.0,49.0,1298.0,-27.0,-513.0,0
38.0,-243.0,49.0,1291.0,-48.0,-485.0,0
47.0,-242.0,58.0,1286.0,-71.0,-451.0,0
51.0,-233.0,64.0,1281.0,-82.0,-431.0,0
44.0,-229.0,69.0,1280.0,-82.0,-418.0,0
35.0,-226.0,70.0,1284.0,-86.0,-412.0,0
37.0,-223.0,78.0,1287.0,-97.0,-407.0,0
40.0,-218.0,88.0,1291.0,-116.0,-405.0,0
43.0,-216.0,88.0,1293.0,-133.0,-408.0,0
47.0,-210.0,91.0,1297.0,-147.0,-417.0,0
50.0,-209.0,88.0,1290.0,-153.0,-431.0,0
49.0,-205.0,85.0,1263.0,-157.0,-442.0,0
53.0,-206.0,91.0,1221.0,-159.0,-447.0,0
54.0,-204.0,82.0,1172.0,-166.0,-445.0,0
60.0,-202.0,81.0,1114.0,-163.0,-446.0,0
59.0,-197.0,76.0,1054.0,-137.0,-448.0,0
56.0,-201.0,79.0,1004.0,-100.0,-449.0,0
51.0,-204.0,77.0,966.0,-67.0,-444.0,0
47.0,-205.0,82.0,941.0,-41.0,-437.0,0
43.0,-209.0,89.0,934.0,-25.0,-428.0,0
39.0,-210.0,90.0,932.0,-21.0,-414.0,0
32.0,-213.0,91.0,925.0,-15.0,-393.0,0
27.0,-214.0,87.0,906.0,3.0,-367.0,0
20.0,-214.0,89.0,882.0,30.0,-347.0,0
24.0,-218.0,89.0,860.0,62.0,-332.0,0
26.0,-220.0,93.0,851.0,93.0,-321.0,0
24.0,-214.0,95.0,853.0,114.0,-306.0,0
24.0,-213.0,101.0,852.0,121.0,-291.0,0
32.0,-208.0,97.0,841.0,128.0,-280.0,0
32.0,-203.0,89.0,816.0,141.0,-275.0,0
37.0,-199.0,85.0,776.0,169.0,-273.0,0
41.0,-195.0,80.0,730.0,201.0,-273.0,0
42.0,-196.0,76.0,687.0,230.0,-268.0,0
43.0,-202.0,80.0,656.0,260.0,-263.0,0
41.0,-206.0,78.0,642.0,280.0,-254.0,0
46.0,-210.0,81.0,645.0,284.0,-243.0,0
49.0,-218.0,80.0,653.0,276.0,-230.0,0
50.0,-223.0,82.0,666.0,267.0,-221.0,0
53.0,-226.0,82.0,672.0,255.0,-219.0,0
55.0,-231.0,75.0,677.0,239.0,-219.0,0
56.0,-229.0,86.0,680.0,219.0,-218.0,0
52.0,-225.0,82.0,680.0,192.0,-214.0,0
50.0,-223.0,86.0,668.0,167.0,-207.0,0
54.0,-224.0,88.0,650.0,146.0,-203.0,0
59.0,-217.0,88.0,631.0,124.0,-200.0,0
62.0,-216.0,84.0,618.0,100.0,-194.0,0
63.0,-216.0,83.0,607.0,73.0,-181.0,0
61.0,-216.0,81.0,588.0,40.0,-165.0,0
64.0,-214.0,78.0,568.0,15.0,-151.0,0
61.0,-215.0,83.0,551.0,-9.0,-137.0,0
59.0,-213.0,86.0,540.0,-37.0,-121.0,0
55.0,-211.0,86.0,534.0,-75.0,-104.0,0
58.0,-205.0,92.0,525.0,-116.0,-85.0,0
58.0,-208.0,92.0,506.0,-164.0,-68.0,0
60.0,-204.0,100.0,480.0,-215.0,-53.0,0
56.0,-206.0,98.0,452.0,-255.0,-46.0,0
57.0,-209.0,101.0,424.0,-284.0,-44.0,0
56.0,-209.0,104.0,401.0,-305.0,-47.0,0
51.0,-212.0,103.0,387.0,-330.0,-52.0,0
52.0,-212.0,104.0,379.0,-357.0,-53.0,0
46.0,-214.0,109.0,371.0,-383.0,-55.0,0
48.0,-216.0,116.0,362.0,-410.0,-64.0,0
53.0,-214.0,116.0,350.0,-435.0,-80.0,0
49.0,-215.0,115.0,332.0,-456.0,-99.0,0
50.0,-218.0,112.0,309.0,-473.0,-120.0,0
51.0,-219.0,111.0,294.0,-482.0,-143.0,0
56.0,-213.0,110.0,292.0,-485.0,-162.0,0
56.0,-211.0,108.0,298.0,-486.0,-171.0,0
60.0,-206.0,108.0,308.0,-487.0,-173.0,0
61.0,-203.0,114.0,314.0,-494.0,-172.0,0
67.0,-200.0,119.0,311.0,-507.0,-168.0,0
68.0,-199.0,121.0,304.0,-522.0,-163.0,0
64.0,-196.0,129.0,295.0,-533.0,-158.0,0
75.0,-197.0,127.0,292.0,-544.0,-149.0,0
78.0,-198.0,128.0,289.0,-556.0,-143.0,0
78.0,-197.0,128.0,289.0,-559.0,-134.0,0
79.0,-199.0,128.0,293.0,-554.0,-129.0,0
85.0,-196.0,128.0,298.0,-540.0,-129.0,0
85.0,-196.0,126.0,306.0,-516.0,-134.0,0
87.0,-193.0,125.0,306.0,-488.0,-140.0,0
92.0,-195.0,124.0,304.0,-469.0,-145.0,0
93.0,-193.0,127.0,301.0,-462.0,-149.0,0
94.0,-193.0,129.0,300.0,-457.0,-148.0,0
97.0,-192.0,131.0,301.0,-451.0,-144.0,0
99.0,-187.0,131.0,300.0,-437.0,-143.0,0
97.0,-186.0,130.0,299.0,-424.0,-141.0,0
97.0,-184.0,128.0,290.0,-418.0,-138.0,0
102.0,-181.0,125.0,276.0,-421.0,-135.0,0
101.0,-184.0,125.0,263.0,-427.0,-129.0,0
99.0,-184.0,124.0,246.0,-428.0,-122.0,0
106.0,-172.0,118.0,233.0,-427.0,-114.0,0
98.0,-185.0,123.0,223.0,-428.0,-107.0,0
97.0,-186.0,126.0,214.0,-432.0,-102.0,0
100.0,-188.0,125.0,200.0,-433.0,-107.0,0
105.0,-192.0,129.0,181.0,-419.0,-116.0,0
108.0,-191.0,130.0,165.0,-407.0,-124.0,0
109.0,-187.0,125.0,151.0,-401.0,-127.0,0
113.0,-183.0,122.0,138.0,-399.0,-124.0,0
113.0,-185.0,119.0,127.0,-396.0,-114.0,0
119.0,-184.0,118.0,119.0,-393.0,-102.0,0
124.0,-185.0,122.0,116.0,-386.0,-90.0,0
132.0,-177.0,112.0,113.0,-373.0,-81.0,0
128.0,-179.0,119.0,118.0,-353.0,-72.0,0
128.0,-178.0,120.0,124.0,-331.0,-61.0,0
130.0,-181.0,122.0,127.0,-307.0,-51.0,0
132.0,-180.0,120.0,127.0,-282.0,-42.0,0
129.0,-181.0,123.0,126.0,-254.0,-35.0,0
128.0,-182.0,128.0,119.0,-229.0,-29.0,0
126.0,-174.0,128.0,107.0,-207.0,-26.0,0
117.0,-174.0,125.0,93.0,-185.0,-23.0,0
109.0,-175.0,125.0,74.0,-163.0,-23.0,0
107.0,-177.0,127.0,50.0,-143.0,-23.0,0
105.0,-179.0,126.0,24.0,-128.0,-21.0,0
104.0,-174.0,124.0,0.0,-118.0,-18.0,0
102.0,-172.0,127.0,-25.0,-105.0,-12.0,0
100.0,-179.0,119.0,-52.0,-92.0,-2.0,0
101.0,-181.0,122.0,-76.0,-82.0,11.0,0
98.0,-183.0,122.0,-97.0,-76.0,25.0,0
97.0,-190.0,121.0,-113.0,-75.0,41.0,0
87.0,-192.0,114.0,-132.0,-82.0,60.0,0
85.0,-203.0,110.0,-148.0,-94.0,82.0,0
81.0,-208.0,108.0,-157.0,-108.0,103.0,0
83.0,-209.0,109.0,-158.0,-122.0,123.0,0
79.0,-212.0,105.0,-149.0,-140.0,144.0,0
77.0,-202.0,106.0,-139.0,-154.0,159.0,0
78.0,-200.0,107.0,-132.0,-165.0,174.0,0
83.0,-200.0,114.0,-127.0,-176.0,186.0,0
91.0,-193.0,113.0,-123.0,-185.0,193.0,0
100.0,-191.0,118.0,-118.0,-185.0,194.0,0
108.0,-188.0,120.0,-108.0,-173.0,187.0,0
108.0,-186.0,117.0,-95.0,-147.0,177.0,0
109.0,-182.0,118.0,-89.0,-113.0,163.0,0
112.0,-176.0,114.0,-83.0,-74.0,162.0,0
110.0,-170.0,111.0,-79.0,-35.0,167.0,0
111.0,-168.0,114.0,-85.0,0.0,174.0,0
108.0,-168.0,113.0,-104.0,14.0,180.0,0
104.0,-170.0,109.0,-134.0,11.0,189.0,0
95.0,-177.0,101.0,-180.0,9.0,198.0,0
81.0,-184.0,100.0,-229.0,18.0,210.0,0
69.0,-192.0,99.0,-268.0,30.0,221.0,0
64.0,-199.0,94.0,-285.0,44.0,237.0,0
62.0,-207.0,89.0,-282.0,55.0,252.0,0
61.0,-211.0,88.0,-269.0,73.0,258.0,0
67.0,-212.0,91.0,-258.0,94.0,260.0,0
82.0,-215.0,94.0,-242.0,116.0,254.0,0
87.0,-217.0,95.0,-227.0,135.0,243.0,0
93.0,-222.0,102.0,-214.0,147.0,231.0,0
91.0,-220.0,104.0,-200.0,145.0,217.0,0
91.0,-221.0,104.0,-185.0,139.0,205.0,0
96.0,-220.0,103.0,-173.0,132.0,187.0,0
93.0,-219.0,112.0,-155.0,135.0,174.0,0
100.0,-220.0,109.0,-130.0,134.0,154.0,0
107.0,-221.0,117.0,-95.0,133.0,131.0,0
105.0,-215.0,126.0,-48.0,127.0,108.0,0
109.0,-209.0,128.0,-1.0,124.0,84.0,0
112.0,-200.0,129.0,39.0,126.0,69.0,0
113.0,-193.0,127.0,69.0,133.0,61.0,0
120.0,-181.0,128.0,81.0,137.0,58.0,0
125.0,-173.0,126.0,76.0,134.0,64.0,0
119.0,-165.0,125.0,58.0,137.0,77.0,0
115.0,-162.0,127.0,36.0,147.0,94.0,0
111.0,-164.0,124.0,11.0,151.0,115.0,0
95.0,-159.0,124.0,-13.0,141.0,139.0,0
91.0,-158.0,129.0,-39.0,116.0,166.0,0
91.0,-162.0,128.0,-69.0,85.0,193.0,0
84.0,-161.0,124.0,-111.0,59.0,215.0,0
79.0,-164.0,121.0,-154.0,44.0,236.0,0
78.0,-167.0,112.0,-198.0,41.0,253.0,0
73.0,-171.0,108.0,-236.0,44.0,271.0,0
70.0,-175.0,109.0,-266.0,50.0,283.0,0
65.0,-184.0,108.0,-288.0,64.0,289.0,0
65.0,-192.0,106.0,-301.0,79.0,293.0,0
69.0,-195.0,108.0,-310.0,98.0,293.0,0
70.0,-203.0,106.0,-307.0,120.0,286.0,0
77.0,-210.0,106.0,-297.0,138.0,277.0,0
80.0,-216.0,106.0,-278.0,150.0,267.0,0
83.0,-223.0,105.0,-258.0,155.0,257.0,0
77.0,-224.0,107.0,-235.0,154.0,253.0,0
73.0,-221.0,105.0,-210.0,148.0,253.0,0
69.0,-222.0,104.0,-185.0,147.0,255.0,0
75.0,-226.0,106.0,-160.0,149.0,257.0,0
74.0,-224.0,109.0,-140.0,153.0,252.0,0
76.0,-221.0,111.0,-122.0,156.0,244.0,0
74.0,-217.0,113.0,-108.0,156.0,234.0,0
72.0,-208.0,113.0,-90.0,144.0,227.0,0
73.0,-206.0,114.0,-73.0,126.0,227.0,0
73.0,-202.0,119.0,-63.0,103.0,233.0,0
75.0,-201.0,109.0,-58.0,85.0,239.0,0
68.0,-199.0,111.0,-64.0,71.0,248.0,0
68.0,-198.0,108.0,-77.0,62.0,259.0,0
65.0,-196.0,112.0,-100.0,56.0,268.0,0
66.0,-199.0,105.0,-123.0,50.0,277.0,0
67.0,-204.0,104.0,-143.0,49.0,278.0,0
65.0,-204.0,112.0,-164.0,55.0,269.0,0
73.0,-212.0,106.0,-187.0,54.0,260.0,0
73.0,-209.0,104.0,-207.0,58.0,242.0,0
66.0,-208.0,105.0,-219.0,80.0,236.0,0
64.0,-209.0,99.0,-222.0,101.0,239.0,0
66.0,-210.0,104.0,-224.0,117.0,238.0,0
63.0,-210.0,101.0,-228.0,134.0,237.0,0
55.0,-208.0,100.0,-226.0,150.0,240.0,0
57.0,-212.0,99.0,-219.0,162.0,246.0,0
57.0,-214.0,103.0,-208.0,165.0,251.0,0
64.0,-220.0,109.0,-195.0,163.0,253.0,0
58.0,-215.0,104.0,-181.0,157.0,251.0,0
61.0,-213.0,110.0,-170.0,146.0,246.0,0
63.0,-210.0,113.0,-162.0,130.0,246.0,0
62.0,-210.0,112.0,-157.0,113.0,249.0,0
64.0,-212.0,108.0,-152.0,106.0,254.0,0
62.0,-213.0,108.0,-153.0,107.0,258.0,0
64.0,-215.0,112.0,-155.0,112.0,262.0,0
67.0,-221.0,106.0,-162.0,122.0,267.0,0
68.0,-224.0,105.0,-162.0,135.0,269.0,0
70.0,-225.0,112.0,-154.0,152.0,266.0,0
73.0,-228.0,108.0,-138.0,168.0,257.0,0
69.0,-228.0,114.0,-124.0,187.0,247.0,0
72.0,-228.0,112.0,-107.0,199.0,240.0,0
74.0,-230.0,114.0,-87.0,206.0,232.0,0
76.0,-227.0,113.0,-67.0,214.0,226.0,0
71.0,-223.0,109.0,-44.0,218.0,220.0,0
70.0,-220.0,113.0,-38.0,222.0,215.0,0
73.0,-217.0,111.0,-40.0,219.0,207.0,0
67.0,-213.0,109.0,-52.0,212.0,200.0,0
64.0,-212.0,112.0,-64.0,197.0,194.0,0
61.0,-205.0,107.0,-77.0,186.0,193.0,0
57.0,-201.0,101.0,-84.0,183.0,201.0,0
54.0,-200.0,100.0,-83.0,178.0,201.0,0
55.0,-202.0,102.0,-79.0,180.0,195.0,0
53.0,-198.0,101.0,-80.0,184.0,189.0,0
55.0,-197.0,101.0,-83.0,187.0,182.0,0
49.0,-195.0,100.0,-91.0,192.0,161.0,0
52.0,-196.0,88.0,-109.0,205.0,156.0,0
54.0,-199.0,94.0,-130.0,219.0,158.0,0
51.0,-201.0,93.0,-150.0,225.0,148.0,0
43.0,-204.0,94.0,-163.0,225.0,141.0,0
48.0,-208.0,98.0,-169.0,218.0,131.0,0
48.0,-217.0,97.0,-173.0,207.0,118.0,0
45.0,-217.0,97.0,-172.0,196.0,109.0,0
47.0,-218.0,103.0,-173.0,179.0,101.0,0
41.0,-222.0,99.0,-162.0,163.0,94.0,0
42.0,-221.0,95.0,-148.0,144.0,91.0,0
37.0,-220.0,93.0,-127.0,125.0,90.0,0
31.0,-227.0,108.0,-101.0,105.0,88.0,0
37.0,-222.0,89.0,-76.0,84.0,85.0,0
39.0,-225.0,83.0,-46.0,60.0,80.0,0
37.0,-229.0,84.0,-13.0,39.0,67.0,0
35.0,-230.0,89.0,29.0,21.0,59.0,0
35.0,-229.0,89.0,64.0,3.0,51.0,0
31.0,-223.0,94.0,94.0,-11.0,45.0,0
37.0,-226.0,94.0,126.0,-18.0,38.0,0
42.0,-223.0,99.0,162.0,-18.0,28.0,0
46.0,-227.0,98.0,200.0,-10.0,13.0,0
43.0,-226.0,103.0,240.0,6.0,-2.0,0
51.0,-221.0,101.0,280.0,24.0,-16.0,0
49.0,-234.0,110.0,324.0,38.0,-32.0,0
48.0,-235.0,113.0,366.0,49.0,-48.0,0
50.0,-238.0,117.0,410.0,57.0,-71.0,0
48.0,-237.0,122.0,454.0,69.0,-95.0,0
41.0,-235.0,117.0,499.0,84.0,-113.0,0
43.0,-231.0,123.0,537.0,94.0,-127.0,0
35.0,-224.0,119.0,570.0,100.0,-137.0,0
33.0,-218.0,119.0,594.0,102.0,-142.0,0
36.0,-211.0,113.0,608.0,100.0,-150.0,0
33.0,-206.0,110.0,613.0,104.0,-156.0,0
36.0,-199.0,108.0,610.0,113.0,-167.0,0
39.0,-195.0,112.0,605.0,127.0,-178.0,0
39.0,-188.0,105.0,598.0,140.0,-186.0,0
41.0,-185.0,105.0,587.0,150.0,-195.0,0
38.0,-185.0,100.0,570.0,154.0,-201.0,0
40.0,-181.0,103.0,551.0,149.0,-205.0,0
44.0,-179.0,102.0,526.0,136.0,-208.0,0
37.0,-178.0,100.0,500.0,118.0,-212.0,0
39.0,-180.0,107.0,471.0,96.0,-213.0,0
38.0,-187.0,110.0,446.0,71.0,-210.0,0
35.0,-183.0,111.0,423.0,47.0,-203.0,0
32.0,-185.0,116.0,410.0,23.0,-191.0,0
29.0,-191.0,121.0,397.0,-2.0,-179.0,0
28.0,-187.0,124.0,392.0,-28.0,-165.0,0
30.0,-192.0,124.0,386.0,-54.0,-153.0,0
31.0,-193.0,126.0,377.0,-75.0,-144.0,0
31.0,-196.0,125.0,366.0,-89.0,-139.0,0
33.0,-195.0,126.0,351.0,-99.0,-138.0,0
38.0,-195.0,124.0,335.0,-102.0,-138.0,0
41.0,-198.0,126.0,317.0,-101.0,-142.0,0
42.0,-198.0,127.0,299.0,-96.0,-147.0,0
43.0,-202.0,128.0,284.0,-88.0,-148.0,0
47.0,-200.0,127.0,270.0,-83.0,-150.0,0
52.0,-204.0,128.0,262.0,-82.0,-154.0,0
54.0,-206.0,128.0,257.0,-81.0,-160.0,0
59.0,-208.0,127.0,255.0,-81.0,-169.0,0
64.0,-199.0,126.0,256.0,-79.0,-179.0,0
67.0,-198.0,128.0,259.0,-79.0,-194.0,0
74.0,-195.0,129.0,263.0,-79.0,-210.0,0
76.0,-194.0,129.0,264.0,-82.0,-226.0,0
77.0,-194.0,130.0,264.0,-83.0,-242.0,0
74.0,-194.0,129.0,263.0,-86.0,-255.0,0
79.0,-192.0,131.0,262.0,-90.0,-264.0,0
77.0,-192.0,133.0,259.0,-97.0,-271.0,0
77.0,-189.0,133.0,252.0,-104.0,-274.0,0
72.0,-186.0,127.0,250.0,-110.0,-267.0,0
71.0,-184.0,130.0,244.0,-116.0,-258.0,0
69.0,-181.0,129.0,229.0,-122.0,-250.0,0
69.0,-181.0,131.0,212.0,-127.0,-240.0,0
66.0,-178.0,130.0,193.0,-133.0,-227.0,0
65.0,-176.0,129.0,171.0,-135.0,-212.0,0
65.0,-176.0,133.0,151.0,-136.0,-198.0,0
65.0,-176.0,129.0,135.0,-134.0,-183.0,0
65.0,-175.0,132.0,117.0,-130.0,-166.0,0
65.0,-175.0,134.0,99.0,-125.0,-150.0,0
67.0,-176.0,133.0,88.0,-124.0,-138.0,0
67.0,-178.0,135.0,79.0,-125.0,-125.0,0
67.0,-181.0,133.0,74.0,-127.0,-112.0,0
62.0,-177.0,133.0,66.0,-130.0,-102.0,0
68.0,-180.0,133.0,57.0,-133.0,-91.0,0
65.0,-179.0,134.0,50.0,-134.0,-82.0,0
65.0,-178.0,133.0,44.0,-131.0,-74.0,0
65.0,-180.0,132.0,36.0,-124.0,-71.0,0
67.0,-179.0,134.0,30.0,-117.0,-70.0,0
71.0,-178.0,137.0,24.0,-106.0,-70.0,0
71.0,-181.0,132.0,19.0,-95.0,-70.0,0
73.0,-179.0,133.0,17.0,-83.0,-72.0,0
76.0,-181.0,133.0,15.0,-69.0,-74.0,0
78.0,-181.0,131.0,14.0,-54.0,-76.0,0
77.0,-178.0,131.0,13.0,-42.0,-79.0,0
77.0,-179.0,128.0,11.0,-29.0,-81.0,0
76.0,-174.0,132.0,8.0,-20.0,-82.0,0
75.0,-175.0,130.0,5.0,-14.0,-85.0,0
76.0,-177.0,134.0,-1.0,-9.0,-85.0,0
75.0,-180.0,130.0,-6.0,-5.0,-87.0,0
73.0,-178.0,134.0,-11.0,-5.0,-86.0,0
74.0,-179.0,130.0,-14.0,-6.0,-85.0,0
73.0,-182.0,130.0,-15.0,-6.0,-84.0,0
72.0,-182.0,132.0,-16.0,-8.0,-79.0,0
68.0,-183.0,131.0,-14.0,-10.0,-76.0,0
66.0,-184.0,134.0,-13.0,-17.0,-71.0,0
68.0,-183.0,132.0,-10.0,-22.0,-66.0,0
67.0,-184.0,133.0,-6.0,-26.0,-63.0,0
67.0,-183.0,132.0,-2.0,-26.0,-60.0,0
67.0,-181.0,131.0,1.0,-25.0,-57.0,0
68.0,-181.0,129.0,5.0,-21.0,-57.0,0
71.0,-182.0,129.0,5.0,-16.0,-55.0,0
74.0,-184.0,127.0,3.0,-10.0,-58.0,0
72.0,-179.0,132.0,0.0,-5.0,-59.0,0
72.0,-182.0,129.0,-4.0,1.0,-60.0,0
74.0,-183.0,130.0,-7.0,5.0,-62.0,0
71.0,-180.0,127.0,-10.0,9.0,-62.0,0
68.0,-183.0,132.0,-10.0,11.0,-59.0,0
74.0,-183.0,129.0,-11.0,11.0,-57.0,0
73.0,-184.0,129.0,-12.0,12.0,-55.0,0
72.0,-185.0,131.0,-11.0,13.0,-54.0,0
71.0,-184.0,132.0,-13.0,13.0,-52.0,0
73.0,-185.0,130.0,-15.0,14.0,-52.0,0
75.0,-185.0,132.0,-19.0,15.0,-52.0,0
70.0,-181.0,129.0,-20.0,19.0,-52.0,0
72.0,-185.0,131.0,-21.0,24.0,-48.0,0
68.0,-181.0,134.0,-22.0,22.0,-47.0,0
68.0,-182.0,132.0,-21.0,22.0,-44.0,0
69.0,-185.0,133.0,-23.0,20.0,-41.0,0
70.0,-184.0,134.0,-25.0,18.0,-38.0,0
71.0,-184.0,133.0,-26.0,18.0,-34.0,0
68.0,-180.0,132.0,-27.0,19.0,-28.0,0
70.0,-183.0,134.0,-27.0,19.0,-26.0,0
67.0,-183.0,130.0,-24.0,19.0,-23.0,0
67.0,-187.0,134.0,-27.0,18.0,-20.0,0
69.0,-184.0,135.0,-24.0,16.0,-17.0,0
68.0,-183.0,135.0,-23.0,13.0,-12.0,0
70.0,-184.0,135.0,-19.0,13.0,-7.0,0
70.0,-179.0,132.0,-16.0,13.0,-5.0,0
71.0,-183.0,134.0,-12.0,16.0,-1.0,0
72.0,-178.0,129.0,-8.0,18.0,1.0,0
70.0,-178.0,131.0,-7.0,22.0,1.0,0
72.0,-180.0,130.0,-8.0,25.0,2.0,0
73.0,-178.0,134.0,-10.0,28.0,1.0,0
74.0,-179.0,135.0,-13.0,31.0,-1.0,0
74.0,-178.0,133.0,-16.0,35.0,-3.0,0
70.0,-174.0,134.0,-24.0,38.0,-5.0,0
72.0,-174.0,133.0,-32.0,41.0,-6.0,0
75.0,-175.0,134.0,-41.0,45.0,-7.0,0
74.0,-178.0,132.0,-50.0,47.0,-7.0,0
75.0,-181.0,131.0,-57.0,48.0,-5.0,0
71.0,-183.0,132.0,-61.0,47.0,-5.0,0
72.0,-183.0,136.0,-63.0,45.0,-2.0,0
69.0,-183.0,137.0,-59.0,43.0,1.0,0
69.0,-180.0,136.0,-53.0,38.0,3.0,0
72.0,-183.0,135.0,-48.0,34.0,6.0,0
75.0,-181.0,132.0,-43.0,30.0,8.0,0
74.0,-185.0,134.0,-40.0,26.0,12.0,0
66.0,-180.0,132.0,-37.0,23.0,14.0,0
68.0,-180.0,131.0,-39.0,19.0,16.0,0
68.0,-184.0,133.0,-40.0,17.0,16.0,0
71.0,-185.0,133.0,-41.0,17.0,18.0,0
68.0,-182.0,134.0,-41.0,19.0,16.0,0
71.0,-184.0,135.0,-38.0,22.0,13.0,0
69.0,-187.0,137.0,-36.0,27.0,9.0,0
69.0,-186.0,134.0,-32.0,31.0,5.0,0
59.0,-190.0,140.0,-28.0,32.0,2.0,0
66.0,-187.0,131.0,-23.0,34.0,1.0,0
64.0,-190.0,133.0,-17.0,35.0,0.0,0
65.0,-188.0,135.0,-5.0,34.0,0.0,0
67.0,-187.0,128.0,3.0,32.0,2.0,0
64.0,-186.0,128.0,14.0,30.0,4.0,0
63.0,-183.0,128.0,21.0,30.0,5.0,0
70.0,-183.0,129.0,26.0,27.0,8.0,0
68.0,-182.0,129.0,23.0,25.0,9.0,0
67.0,-184.0,131.0,20.0,23.0,11.0,0
67.0,-183.0,132.0,16.0,22.0,13.0,0
71.0,-190.0,151.0,10.0,21.0,14.0,0
68.0,-184.0,129.0,7.0,22.0,14.0,0
65.0,-180.0,133.0,9.0,22.0,14.0,0
66.0,-183.0,133.0,10.0,22.0,12.0,0
65.0,-177.0,133.0,11.0,20.0,13.0,0
65.0,-176.0,138.0,12.0,18.0,13.0,0
65.0,-179.0,135.0,9.0,15.0,14.0,0
65.0,-178.0,136.0,5.0,12.0,13.0,0
67.0,-180.0,134.0,1.0,9.0,15.0,0
66.0,-179.0,134.0,-2.0,9.0,12.0,0
74.0,-170.0,131.0,-5.0,8.0,12.0,0
63.0,-178.0,134.0,-10.0,8.0,12.0,0
64.0,-180.0,138.0,-13.0,7.0,12.0,0
66.0,-180.0,139.0,-15.0,9.0,10.0,0
66.0,-180.0,139.0,-14.0,9.0,11.0,0
65.0,-180.0,134.0,-13.0,9.0,9.0,0
67.0,-179.0,138.0,-16.0,12.0,6.0,0
67.0,-180.0,139.0,-16.0,15.0,3.0,0
69.0,-178.0,134.0,-14.0,15.0,0.0,0
66.0,-179.0,136.0,-13.0,17.0,-2.0,0
70.0,-180.0,134.0,-9.0,18.0,-1.0,0
69.0,-179.0,134.0,-8.0,18.0,-3.0,0
69.0,-181.0,133.0,-7.0,20.0,-5.0,0
68.0,-178.0,134.0,-6.0,21.0,-8.0,0
71.0,-183.0,138.0,-5.0,20.0,-8.0,0
69.0,-180.0,132.0,-4.0,19.0,-8.0,0
69.0,-180.0,135.0,-6.0,17.0,-8.0,0
66.0,-182.0,132.0,-10.0,15.0,-7.0,0
67.0,-180.0,134.0,-16.0,11.0,-6.0,0
70.0,-181.0,136.0,-20.0,9.0,-4.0,0
70.0,-181.0,135.0,-24.0,7.0,-3.0,0
69.0,-182.0,131.0,-28.0,5.0,0.0,0
68.0,-180.0,134.0,-31.0,6.0,1.0,0
66.0,-180.0,136.0,-34.0,5.0,2.0,0
68.0,-182.0,136.0,-36.0,5.0,4.0,0
68.0,-180.0,135.0,-35.0,5.0,3.0,0
68.0,-179.0,134.0,-35.0,6.0,5.0,0
69.0,-177.0,129.0,-37.0,8.0,3.0,0
70.0,-180.0,138.0,-37.0,8.0,1.0,0
67.0,-180.0,135.0,-37.0,8.0,1.0,0
67.0,-180.0,136.0,-35.0,7.0,1.0,0
68.0,-179.0,132.0,-32.0,6.0,0.0,0
67.0,-181.0,141.0,-29.0,5.0,0.0,0
67.0,-179.0,137.0,-27.0,5.0,-2.0,0
69.0,-181.0,133.0,-26.0,3.0,0.0,0
67.0,-182.0,137.0,-26.0,4.0,-1.0,0
67.0,-179.0,134.0,-25.0,5.0,-1.0,0
68.0,-182.0,137.0,-26.0,6.0,-1.0,0
70.0,-179.0,136.0,-27.0,7.0,-2.0,0
67.0,-179.0,137.0,-25.0,10.0,-3.0,0
67.0,-179.0,137.0,-22.0,13.0,-3.0,0
69.0,-180.0,134.0,-20.0,14.0,-5.0,0
67.0,-179.0,137.0,-19.0,17.0,-5.0,0
67.0,-179.0,134.0,-19.0,19.0,-5.0,0
69.0,-180.0,136.0,-19.0,17.0,-3.0,0
68.0,-177.0,138.0,-20.0,16.0,-2.0,0
69.0,-177.0,137.0,-20.0,14.0,-1.0,0
68.0,-182.0,137.0,-20.0,13.0,-1.0,0
69.0,-182.0,134.0,-19.0,12.0,1.0,0
69.0,-182.0,137.0,-20.0,11.0,1.0,0
70.0,-182.0,135.0,-22.0,11.0,1.0,0
72.0,-179.0,133.0,-21.0,10.0,1.0,0
68.0,-179.0,135.0,-23.0,10.0,2.0,0
69.0,-179.0,134.0,-24.0,9.0,2.0,0
71.0,-179.0,139.0,-26.0,10.0,2.0,0
67.0,-179.0,137.0,-26.0,9.0,3.0,0
61.0,-175.0,141.0,-27.0,10.0,4.0,0
70.0,-179.0,135.0,-27.0,10.0,3.0,0
69.0,-182.0,136.0,-27.0,12.0,2.0,0
68.0,-181.0,138.0,-27.0,12.0,4.0,0
65.0,-179.0,133.0,-27.0,12.0,3.0,0
70.0,-180.0,135.0,-27.0,12.0,2.0,0
68.0,-181.0,133.0,-26.0,9.0,1.0,0
66.0,-181.0,135.0,-26.0,9.0,0.0,0
68.0,-181.0,133.0,-23.0,7.0,1.0,0
70.0,-181.0,134.0,-23.0,7.0,0.0,0
67.0,-180.0,136.0,-23.0,6.0,2.0,0
67.0,-179.0,137.0,-21.0,7.0,2.0,0
68.0,-180.0,136.0,-20.0,9.0,0.0,0
69.0,-180.0,134.0,-21.0,9.0,1.0,0
68.0,-177.0,136.0,-20.0,11.0,1.0,0
69.0,-179.0,133.0,-20.0,12.0,1.0,0
72.0,-179.0,133.0,-22.0,12.0,0.0,0
69.0,-177.0,142.0,-24.0,14.0,-2.0,0
66.0,-177.0,137.0,-28.0,14.0,-2.0,0
66.0,-179.0,139.0,-33.0,15.0,-1.0,0
68.0,-179.0,137.0,-36.0,14.0,0.0,0
67.0,-183.0,138.0,-37.0,12.0,-1.0,0
69.0,-185.0,134.0,-39.0,12.0,-2.0,0
67.0,-182.0,138.0,-38.0,13.0,-2.0,0
66.0,-180.0,135.0,-35.0,12.0,-3.0,0
65.0,-181.0,133.0,-33.0,12.0,-2.0,0
67.0,-180.0,143.0,-34.0,16.0,-4.0,0
66.0,-177.0,134.0,-26.0,17.0,-5.0,0
69.0,-178.0,137.0,-19.0,17.0,-5.0,0
72.0,-180.0,133.0,-18.0,17.0,-6.0,0
69.0,-174.0,134.0,-21.0,19.0,-4.0,0
71.0,-178.0,135.0,-26.0,20.0,-4.0,0
72.0,-177.0,137.0,-32.0,20.0,-2.0,0
68.0,-175.0,138.0,-43.0,17.0,-1.0,0
69.0,-179.0,138.0,-50.0,17.0,-4.0,0
68.0,-179.0,136.0,-55.0,17.0,-6.0,0
68.0,-183.0,136.0,-53.0,18.0,-9.0,0
67.0,-182.0,136.0,-48.0,19.0,-9.0,0
66.0,-179.0,142.0,-39.0,20.0,-12.0,0
64.0,-184.0,139.0,-26.0,20.0,-16.0,0
66.0,-181.0,137.0,-13.0,20.0,-16.0,0
67.0,-186.0,131.0,3.0,18.0,-15.0,0
66.0,-180.0,137.0,16.0,18.0,-15.0,0
69.0,-182.0,135.0,25.0,18.0,-14.0,0
69.0,-177.0,133.0,32.0,17.0,-11.0,0
70.0,-181.0,131.0,33.0,16.0,-12.0,0
71.0,-178.0,133.0,30.0,17.0,-9.0,0
70.0,-177.0,135.0,26.0,17.0,-8.0,0
69.0,-176.0,134.0,21.0,16.0,-7.0,0
70.0,-178.0,137.0,15.0,16.0,-7.0,0
67.0,-177.0,138.0,13.0,14.0,-5.0,0
70.0,-178.0,134.0,8.0,13.0,-4.0,0
71.0,-176.0,142.0,8.0,10.0,-5.0,0
69.0,-178.0,138.0,6.0,9.0,-5.0,0
70.0,-177.0,138.0,2.0,8.0,-3.0,0
70.0,-177.0,135.0,-1.0,7.0,-2.0,0
69.0,-173.0,139.0,-7.0,5.0,0.0,0
69.0,-176.0,141.0,-12.0,5.0,2.0,0
65.0,-175.0,141.0,-19.0,2.0,2.0,0
65.0,-175.0,140.0,-23.0,2.0,4.0,0
67.0,-176.0,145.0,-26.0,2.0,5.0,0
68.0,-178.0,139.0,-30.0,4.0,5.0,0
69.0,-178.0,138.0,-31.0,5.0,3.0,0
69.0,-179.0,138.0,-31.0,8.0,1.0,0
68.0,-178.0,139.0,-32.0,11.0,-1.0,0
67.0,-176.0,138.0,-32.0,15.0,-3.0,0
71.0,-175.0,138.0,-34.0,18.0,-5.0,0
70.0,-178.0,136.0,-35.0,23.0,-7.0,0
72.0,-178.0,139.0,-38.0,27.0,-10.0,0
73.0,-178.0,137.0,-40.0,28.0,-12.0,0
68.0,-175.0,139.0,-39.0,28.0,-11.0,0
71.0,-178.0,135.0,-38.0,27.0,-10.0,0
71.0,-178.0,139.0,-40.0,25.0,-9.0,0
70.0,-175.0,135.0,-41.0,23.0,-8.0,0
71.0,-178.0,136.0,-43.0,20.0,-4.0,0
68.0,-172.0,135.0,-45.0,18.0,-3.0,0
69.0,-177.0,137.0,-47.0,15.0,0.0,0
70.0,-176.0,140.0,-49.0,14.0,1.0,0
68.0,-177.0,139.0,-50.0,12.0,2.0,0
66.0,-179.0,139.0,-50.0,9.0,4.0,0
66.0,-178.0,138.0,-51.0,8.0,5.0,0
69.0,-177.0,139.0,-51.0,8.0,4.0,0
70.0,-177.0,137.0,-51.0,11.0,2.0,0
68.0,-177.0,139.0,-52.0,13.0,1.0,0
69.0,-174.0,136.0,-50.0,16.0,-2.0,0
69.0,-174.0,140.0,-51.0,17.0,-3.0,0
58.0,-184.0,144.0,-51.0,19.0,-6.0,0
67.0,-177.0,138.0,-51.0,21.0,-6.0,0
69.0,-178.0,141.0,-51.0,22.0,-7.0,0
69.0,-176.0,141.0,-50.0,22.0,-8.0,0
68.0,-177.0,139.0,-52.0,22.0,-8.0,0
71.0,-178.0,136.0,-49.0,23.0,-8.0,0
65.0,-176.0,135.0,-47.0,22.0,-8.0,0
67.0,-175.0,137.0,-44.0,20.0,-6.0,0
68.0,-182.0,138.0,-42.0,19.0,-5.0,0
69.0,-175.0,136.0,-40.0,18.0,-5.0,0
69.0,-179.0,138.0,-39.0,17.0,-4.0,0
77.0,-172.0,139.0,-39.0,16.0,-6.0,0
69.0,-179.0,137.0,-38.0,16.0,-7.0,0
67.0,-179.0,139.0,-40.0,16.0,-7.0,0
70.0,-178.0,134.0,-40.0,16.0,-7.0,0
69.0,-179.0,135.0,-41.0,15.0,-8.0,0
66.0,-176.0,137.0,-41.0,15.0,-6.0,0
70.0,-177.0,136.0,-40.0,14.0,-4.0,0
69.0,-175.0,138.0,-43.0,13.0,-6.0,0
72.0,-179.0,138.0,-42.0,13.0,-6.0,0
68.0,-177.0,134.0,-41.0,13.0,-5.0,0
68.0,-177.0,138.0,-41.0,13.0,-4.0,0
68.0,-177.0,138.0,-40.0,13.0,-4.0,0
72.0,-180.0,142.0,-40.0,12.0,-2.0,0
68.0,-176.0,134.0,-41.0,11.0,-2.0,0
67.0,-178.0,139.0,-43.0,11.0,-3.0,0
67.0,-175.0,137.0,-43.0,11.0,-1.0,0
71.0,-176.0,136.0,-46.0,10.0,-1.0,0
68.0,-180.0,135.0,-45.0,10.0,-1.0,0
69.0,-176.0,134.0,-43.0,10.0,-1.0,0
70.0,-177.0,138.0,-43.0,12.0,-1.0,0
69.0,-179.0,134.0,-40.0,13.0,-2.0,0
68.0,-180.0,139.0,-37.0,14.0,-3.0,0
69.0,-180.0,134.0,-34.0,14.0,0.0,0
69.0,-179.0,138.0,-34.0,15.0,-1.0,0
70.0,-176.0,140.0,-33.0,15.0,-2.0,0
70.0,-176.0,136.0,-33.0,15.0,-3.0,0
69.0,-179.0,141.0,-33.0,14.0,-4.0,0
71.0,-180.0,139.0,-33.0,15.0,-2.0,0
65.0,-177.0,139.0,-34.0,16.0,-2.0,0
69.0,-177.0,139.0,-36.0,14.0,-2.0,0
71.0,-178.0,140.0,-38.0,14.0,-1.0,0
69.0,-177.0,137.0,-40.0,14.0,-3.0,0
69.0,-175.0,137.0,-42.0,12.0,-1.0,0
68.0,-178.0,142.0,-43.0,13.0,-2.0,0
66.0,-176.0,139.0,-44.0,12.0,-2.0,0
69.0,-178.0,135.0,-45.0,13.0,-2.0,0
69.0,-177.0,138.0,-45.0,14.0,-4.0,0
69.0,-175.0,137.0,-46.0,14.0,-5.0,0
69.0,-178.0,136.0,-52.0,19.0,-7.0,0
67.0,-177.0,138.0,-56.0,23.0,-9.0,0
68.0,-180.0,136.0,-46.0,18.0,-9.0,0
71.0,-175.0,138.0,-37.0,16.0,-8.0,0
69.0,-176.0,139.0,-38.0,19.0,-9.0,0
71.0,-178.0,140.0,-40.0,21.0,-11.0,0
67.0,-177.0,139.0,-39.0,23.0,-13.0,0
68.0,-177.0,136.0,-39.0,25.0,-14.0,0
70.0,-178.0,140.0,-40.0,27.0,-16.0,0
67.0,-176.0,138.0,-40.0,30.0,-15.0,0
71.0,-179.0,137.0,-42.0,31.0,-18.0,0
71.0,-177.0,138.0,-41.0,33.0,-19.0,0
70.0,-178.0,136.0,-38.0,33.0,-18.0,0
67.0,-181.0,136.0,-36.0,32.0,-18.0,0
68.0,-177.0,136.0,-35.0,29.0,-17.0,0
69.0,-175.0,133.0,-34.0,26.0,-17.0,0
69.0,-176.0,136.0,-33.0,23.0,-16.0,0
66.0,-178.0,138.0,-34.0,22.0,-13.0,0
68.0,-174.0,135.0,-40.0,19.0,-11.0,0
69.0,-176.0,139.0,-44.0,17.0,-9.0,0
70.0,-176.0,136.0,-52.0,16.0,-10.0,0
68.0,-176.0,136.0,-57.0,15.0,-10.0,0
69.0,-178.0,140.0,-58.0,18.0,-12.0,0
72.0,-182.0,145.0,-56.0,19.0,-14.0,0
67.0,-182.0,137.0,-52.0,22.0,-18.0,0
65.0,-183.0,138.0,-45.0,25.0,-22.0,0
66.0,-182.0,138.0,-33.0,28.0,-22.0,0
66.0,-183.0,137.0,-20.0,29.0,-24.0,0
66.0,-186.0,135.0,-5.0,28.0,-26.0,0
67.0,-180.0,133.0,9.0,28.0,-26.0,0
65.0,-178.0,138.0,22.0,28.0,-26.0,0
65.0,-174.0,131.0,27.0,26.0,-25.0,0
69.0,-176.0,136.0,26.0,25.0,-21.0,0
69.0,-174.0,136.0,18.0,22.0,-16.0,0
68.0,-172.0,132.0,10.0,19.0,-15.0,0
70.0,-173.0,134.0,-1.0,19.0,-13.0,0
73.0,-174.0,136.0,-8.0,18.0,-10.0,0
71.0,-176.0,136.0,-15.0,17.0,-8.0,0
68.0,-172.0,144.0,-20.0,15.0,-7.0,0
70.0,-177.0,140.0,-21.0,12.0,-7.0,0
67.0,-175.0,139.0,-22.0,10.0,-5.0,0
68.0,-180.0,139.0,-22.0,7.0,-5.0,0
69.0,-174.0,141.0,-23.0,8.0,-3.0,0
67.0,-175.0,141.0,-25.0,9.0,-2.0,0
68.0,-174.0,138.0,-27.0,10.0,-1.0,0
68.0,-172.0,138.0,-30.0,14.0,-1.0,0
69.0,-172.0,140.0,-33.0,14.0,0.0,0
72.0,-176.0,137.0,-36.0,15.0,1.0,0
69.0,-176.0,137.0,-38.0,15.0,1.0,0
69.0,-175.0,144.0,-38.0,17.0,1.0,0
71.0,-173.0,135.0,-39.0,17.0,1.0,0
69.0,-175.0,137.0,-40.0,17.0,-1.0,0
70.0,-175.0,139.0,-39.0,17.0,-3.0,0
68.0,-174.0,140.0,-37.0,17.0,-2.0,0
71.0,-178.0,139.0,-37.0,18.0,-4.0,0
69.0,-176.0,137.0,-37.0,18.0,-4.0,0
68.0,-177.0,134.0,-39.0,16.0,-5.0,0
68.0,-177.0,138.0,-41.0,15.0,-2.0,0
66.0,-175.0,138.0,-41.0,13.0,-3.0,0
67.0,-176.0,138.0,-43.0,13.0,-3.0,0
71.0,-178.0,136.0,-43.0,12.0,-3.0,0
69.0,-176.0,143.0,-44.0,13.0,-2.0,0
66.0,-177.0,134.0,-44.0,13.0,-3.0,0
69.0,-177.0,136.0,-45.0,13.0,0.0,0
67.0,-173.0,140.0,-45.0,13.0,-1.0,0
70.0,-177.0,142.0,-49.0,11.0,-1.0,0
68.0,-176.0,138.0,-49.0,10.0,-1.0,0
67.0,-177.0,141.0,-51.0,8.0,1.0,0
70.0,-179.0,139.0,-51.0,9.0,2.0,0
68.0,-175.0,139.0,-52.0,10.0,0.0,0
68.0,-173.0,137.0,-52.0,13.0,-1.0,0
68.0,-176.0,141.0,-51.0,13.0,-1.0,0
71.0,-174.0,137.0,-51.0,14.0,-1.0,0
66.0,-177.0,138.0,-51.0,14.0,-3.0,0
66.0,-177.0,136.0,-53.0,12.0,-2.0,0
68.0,-176.0,137.0,-53.0,11.0,-1.0,0
68.0,-175.0,136.0,-54.0,11.0,-1.0,0
69.0,-176.0,134.0,-54.0,11.0,0.0,0
69.0,-176.0,141.0,-54.0,10.0,1.0,0
68.0,-176.0,138.0,-53.0,11.0,0.0,0
73.0,-178.0,135.0,-50.0,10.0,-1.0,0
68.0,-175.0,137.0,-50.0,11.0,-1.0,0
67.0,-176.0,138.0,-50.0,10.0,-1.0,0
73.0,-177.0,142.0,-48.0,9.0,-1.0,0
68.0,-177.0,138.0,-48.0,9.0,0.0,0
71.0,-177.0,145.0,-46.0,9.0,0.0,0
68.0,-172.0,137.0,-45.0,11.0,0.0,0
68.0,-175.0,135.0,-42.0,12.0,-1.0,0
67.0,-177.0,141.0,-41.0,13.0,-1.0,0
67.0,-176.0,140.0,-42.0,13.0,-1.0,0
72.0,-175.0,139.0,-42.0,13.0,-3.0,0
66.0,-174.0,139.0,-43.0,12.0,-2.0,0
69.0,-175.0,140.0,-46.0,13.0,-3.0,0
67.0,-175.0,137.0,-47.0,12.0,-1.0,0
67.0,-175.0,140.0,-48.0,11.0,-2.0,0
71.0,-177.0,138.0,-48.0,10.0,1.0,0
68.0,-175.0,140.0,-48.0,11.0,2.0,0
68.0,-175.0,142.0,-47.0,10.0,2.0,0
70.0,-177.0,138.0,-46.0,11.0,1.0,0
69.0,-175.0,138.0,-45.0,13.0,2.0,0
69.0,-176.0,134.0,-44.0,13.0,1.0,0
72.0,-175.0,137.0,-43.0,15.0,0.0,0
69.0,-176.0,138.0,-45.0,16.0,0.0,0
71.0,-180.0,136.0,-47.0,18.0,-2.0,0
75.0,-186.0,154.0,-48.0,20.0,-3.0,0
70.0,-177.0,139.0,-47.0,20.0,-4.0,0
68.0,-176.0,139.0,-50.0,21.0,-4.0,0
67.0,-179.0,137.0,-50.0,18.0,-3.0,0
66.0,-179.0,138.0,-51.0,16.0,-2.0,0
67.0,-179.0,141.0,-50.0,15.0,-2.0,0
70.0,-178.0,136.0,-48.0,15.0,-2.0,0
68.0,-174.0,139.0,-43.0,14.0,-1.0,0
67.0,-176.0,142.0,-42.0,15.0,-1.0,0
67.0,-177.0,139.0,-41.0,14.0,-2.0,0
82.0,-166.0,134.0,-39.0,15.0,-2.0,0
65.0,-173.0,140.0,-39.0,18.0,-4.0,0
70.0,-177.0,135.0,-40.0,19.0,-4.0,0
68.0,-177.0,140.0,-40.0,19.0,-4.0,0
73.0,-177.0,139.0,-41.0,18.0,-4.0,0
69.0,-177.0,140.0,-42.0,16.0,-5.0,0
70.0,-178.0,135.0,-44.0,15.0,-5.0,0
67.0,-176.0,135.0,-46.0,15.0,-3.0,0
70.0,-178.0,137.0,-47.0,13.0,-2.0,0
68.0,-176.0,137.0,-46.0,13.0,-1.0,0
69.0,-177.0,136.0,-45.0,13.0,-1.0,0
68.0,-177.0,141.0,-44.0,12.0,-1.0,0
70.0,-176.0,139.0,-43.0,12.0,-1.0,0
68.0,-176.0,137.0,-43.0,12.0,-1.0,0
71.0,-176.0,138.0,-41.0,12.0,-2.0,0
67.0,-175.0,138.0,-41.0,14.0,-2.0,0
68.0,-176.0,140.0,-40.0,12.0,-4.0,0
70.0,-176.0,136.0,-42.0,14.0,-6.0,0
70.0,-176.0,136.0,-44.0,16.0,-6.0,0
69.0,-181.0,137.0,-45.0,17.0,-6.0,0
70.0,-175.0,142.0,-47.0,17.0,-7.0,0
68.0,-179.0,137.0,-44.0,18.0,-7.0,0
67.0,-174.0,138.0,-44.0,16.0,-7.0,0
68.0,-175.0,140.0,-45.0,15.0,-6.0,0
69.0,-179.0,141.0,-45.0,16.0,-5.0,0
67.0,-176.0,138.0,-44.0,18.0,-4.0,0
67.0,-175.0,136.0,-45.0,18.0,-5.0,0
67.0,-174.0,140.0,-44.0,17.0,-5.0,0
67.0,-176.0,138.0,-46.0,17.0,-5.0,0
71.0,-178.0,137.0,-49.0,19.0,-7.0,0
69.0,-177.0,139.0,-51.0,19.0,-5.0,0
68.0,-175.0,140.0,-51.0,18.0,-5.0,0
68.0,-178.0,138.0,-47.0,17.0,-5.0,0
70.0,-177.0,137.0,-42.0,17.0,-6.0,0
69.0,-177.0,138.0,-37.0,15.0,-5.0,0
69.0,-178.0,139.0,-35.0,14.0,-5.0,0
67.0,-172.0,139.0,-36.0,13.0,-5.0,0
70.0,-173.0,135.0,-39.0,12.0,-2.0,0
67.0,-174.0,140.0,-42.0,12.0,-2.0,0
71.0,-173.0,141.0,-48.0,12.0,-1.0,0
70.0,-173.0,138.0,-55.0,12.0,0.0,0
68.0,-174.0,142.0,-62.0,13.0,-1.0,0
68.0,-178.0,141.0,-65.0,15.0,-2.0,0
68.0,-179.0,139.0,-65.0,16.0,-4.0,0
69.0,-182.0,138.0,-59.0,19.0,-9.0,0
68.0,-183.0,140.0,-53.0,21.0,-11.0,0
68.0,-183.0,143.0,-41.0,24.0,-14.0,0
69.0,-181.0,140.0,-29.0,27.0,-18.0,0
67.0,-181.0,135.0,-16.0,28.0,-21.0,0
69.0,-180.0,139.0,-4.0,27.0,-22.0,0
69.0,-176.0,134.0,5.0,28.0,-22.0,0
69.0,-176.0,138.0,6.0,27.0,-22.0,0
71.0,-174.0,135.0,5.0,24.0,-21.0,0
72.0,-172.0,137.0,-2.0,23.0,-19.0,0
68.0,-172.0,134.0,-12.0,23.0,-16.0,0
71.0,-173.0,137.0,-20.0,22.0,-14.0,0
71.0,-177.0,137.0,-29.0,22.0,-11.0,0
70.0,-173.0,143.0,-35.0,20.0,-8.0,0
70.0,-176.0,142.0,-33.0,15.0,-3.0,0
69.0,-180.0,143.0,-33.0,9.0,1.0,0
70.0,-180.0,140.0,-30.0,3.0,6.0,0
70.0,-178.0,140.0,-26.0,-2.0,7.0,0
68.0,-177.0,140.0,-22.0,-4.0,8.0,0
68.0,-175.0,135.0,-22.0,-5.0,10.0,0
68.0,-173.0,139.0,-20.0,-4.0,9.0,0
70.0,-175.0,139.0,-17.0,-1.0,8.0,0
70.0,-175.0,139.0,-18.0,2.0,7.0,0
72.0,-174.0,138.0,-22.0,6.0,6.0,0
69.0,-174.0,139.0,-23.0,10.0,5.0,0
69.0,-174.0,138.0,-24.0,11.0,4.0,0
71.0,-173.0,139.0,-26.0,12.0,4.0,0
69.0,-173.0,140.0,-26.0,13.0,3.0,0
68.0,-172.0,138.0,-27.0,13.0,2.0,0
69.0,-174.0,141.0,-29.0,13.0,1.0,0
67.0,-171.0,139.0,-29.0,13.0,0.0,0
68.0,-175.0,141.0,-31.0,13.0,-1.0,0
68.0,-173.0,141.0,-35.0,12.0,-4.0,0
67.0,-175.0,138.0,-36.0,12.0,-4.0,0
68.0,-174.0,139.0,-38.0,15.0,-3.0,0
69.0,-175.0,136.0,-39.0,14.0,-1.0,0
68.0,-174.0,142.0,-40.0,13.0,-3.0,0
66.0,-175.0,139.0,-42.0,13.0,-1.0,0
67.0,-174.0,139.0,-45.0,14.0,-1.0,0
70.0,-177.0,137.0,-48.0,14.0,-2.0,0
66.0,-177.0,140.0,-49.0,14.0,0.0,0
69.0,-175.0,140.0,-50.0,12.0,3.0,0
68.0,-179.0,139.0,-52.0,10.0,5.0,0
68.0,-176.0,143.0,-51.0,7.0,7.0,0
66.0,-176.0,138.0,-51.0,4.0,9.0,0
71.0,-177.0,141.0,-48.0,4.0,9.0,0
67.0,-177.0,140.0,-45.0,6.0,8.0,0
68.0,-177.0,142.0,-41.0,9.0,7.0,0
69.0,-177.0,138.0,-39.0,10.0,5.0,0
69.0,-179.0,142.0,-39.0,12.0,3.0,0
69.0,-175.0,137.0,-40.0,12.0,1.0,0
66.0,-174.0,141.0,-41.0,13.0,1.0,0
68.0,-174.0,136.0,-42.0,13.0,1.0,0
71.0,-177.0,139.0,-43.0,16.0,0.0,0
66.0,-176.0,140.0,-43.0,16.0,0.0,0
77.0,-181.0,140.0,-45.0,15.0,-1.0,0
67.0,-176.0,136.0,-44.0,15.0,-1.0,0
69.0,-176.0,142.0,-45.0,15.0,-1.0,0
68.0,-179.0,143.0,-44.0,15.0,-3.0,0
68.0,-176.0,140.0,-43.0,15.0,-4.0,0
69.0,-176.0,135.0,-42.0,13.0,-3.0,0
70.0,-178.0,142.0,-42.0,12.0,-2.0,0
70.0,-176.0,142.0,-42.0,12.0,-2.0,0
69.0,-177.0,141.0,-41.0,12.0,-1.0,0
71.0,-175.0,136.0,-40.0,12.0,-3.0,0
71.0,-175.0,142.0,-40.0,13.0,-2.0,0
70.0,-177.0,141.0,-38.0,13.0,-2.0,0
70.0,-176.0,142.0,-37.0,12.0,-3.0,0
71.0,-175.0,140.0,-39.0,10.0,-2.0,0
72.0,-173.0,140.0,-39.0,12.0,-1.0,0
69.0,-174.0,140.0,-41.0,11.0,-1.0,0
68.0,-176.0,139.0,-44.0,8.0,1.0,0
67.0,-174.0,139.0,-43.0,8.0,0.0,0
69.0,-176.0,139.0,-43.0,6.0,1.0,0
69.0,-178.0,142.0,-41.0,6.0,4.0,0
66.0,-175.0,139.0,-37.0,3.0,4.0,0
70.0,-176.0,138.0,-36.0,4.0,5.0,0
66.0,-177.0,137.0,-33.0,3.0,5.0,0
69.0,-176.0,136.0,-32.0,6.0,4.0,0
68.0,-175.0,137.0,-32.0,7.0,5.0,0
69.0,-177.0,138.0,-32.0,9.0,3.0,0
69.0,-174.0,140.0,-31.0,9.0,3.0,0
70.0,-177.0,143.0,-31.0,8.0,2.0,0
70.0,-178.0,137.0,-31.0,9.0,3.0,0
72.0,-176.0,139.0,-33.0,10.0,2.0,0
71.0,-176.0,134.0,-34.0,8.0,1.0,0
71.0,-177.0,138.0,-33.0,9.0,1.0,0
67.0,-174.0,140.0,-34.0,9.0,2.0,0
69.0,-174.0,138.0,-34.0,12.0,1.0,0
70.0,-175.0,138.0,-36.0,12.0,0.0,0
66.0,-179.0,137.0,-35.0,13.0,0.0,0
68.0,-173.0,140.0,-36.0,14.0,0.0,0
72.0,-178.0,142.0,-37.0,11.0,-1.0,0
71.0,-178.0,141.0,-38.0,10.0,0.0,0
69.0,-178.0,142.0,-39.0,8.0,0.0,0
70.0,-173.0,139.0,-40.0,8.0,0.0,0
67.0,-176.0,133.0,-40.0,8.0,0.0,0
70.0,-177.0,138.0,-42.0,6.0,1.0,0
66.0,-168.0,122.0,-43.0,7.0,1.0,0
66.0,-174.0,139.0,-43.0,9.0,3.0,0
69.0,-176.0,139.0,-43.0,11.0,2.0,0
73.0,-177.0,142.0,-42.0,11.0,2.0,0
71.0,-177.0,137.0,-42.0,13.0,2.0,0
72.0,-180.0,139.0,-42.0,13.0,3.0,0
68.0,-178.0,140.0,-42.0,12.0,2.0,0
69.0,-177.0,141.0,-41.0,12.0,1.0,0
68.0,-175.0,138.0,-41.0,11.0,1.0,0
69.0,-172.0,139.0,-40.0,11.0,0.0,0
70.0,-171.0,137.0,-42.0,10.0,0.0,0
71.0,-164.0,135.0,-42.0,8.0,1.0,0
71.0,-179.0,143.0,-42.0,8.0,0.0,0
68.0,-177.0,140.0,-42.0,7.0,0.0,0
69.0,-175.0,137.0,-41.0,6.0,0.0,0
72.0,-175.0,140.0,-40.0,5.0,1.0,0
68.0,-176.0,137.0,-39.0,4.0,2.0,0
67.0,-174.0,136.0,-38.0,3.0,3.0,0
69.0,-175.0,137.0,-39.0,-1.0,6.0,0
68.0,-177.0,139.0,-39.0,-7.0,8.0,0
68.0,-174.0,135.0,-38.0,-10.0,11.0,0
67.0,-176.0,138.0,-39.0,-11.0,15.0,0
67.0,-174.0,133.0,-38.0,-12.0,16.0,0
66.0,-175.0,138.0,-40.0,-11.0,14.0,0
69.0,-176.0,134.0,-40.0,-8.0,12.0,0
70.0,-175.0,140.0,-41.0,-4.0,9.0,0
70.0,-174.0,140.0,-43.0,0.0,6.0,0
71.0,-181.0,138.0,-44.0,3.0,3.0,0
73.0,-177.0,138.0,-43.0,7.0,2.0,0
71.0,-175.0,137.0,-42.0,7.0,1.0,0
69.0,-175.0,138.0,-41.0,6.0,2.0,0
71.0,-175.0,139.0,-40.0,4.0,3.0,0
70.0,-179.0,142.0,-37.0,-1.0,6.0,0
70.0,-176.0,136.0,-38.0,-6.0,10.0,0
67.0,-174.0,138.0,-40.0,-12.0,14.0,0
69.0,-173.0,143.0,-43.0,-17.0,18.0,0
66.0,-171.0,139.0,-50.0,-20.0,22.0,0
70.0,-172.0,140.0,-54.0,-24.0,24.0,0
69.0,-177.0,141.0,-59.0,-25.0,25.0,0
67.0,-178.0,138.0,-63.0,-24.0,22.0,0
67.0,-177.0,140.0,-64.0,-23.0,20.0,0
71.0,-178.0,141.0,-61.0,-18.0,18.0,0
69.0,-183.0,139.0,-54.0,-14.0,15.0,0
67.0,-177.0,140.0,-45.0,-13.0,13.0,0
67.0,-178.0,138.0,-35.0,-11.0,11.0,0
67.0,-177.0,142.0,-22.0,-9.0,11.0,0
66.0,-179.0,141.0,-11.0,-8.0,12.0,0
69.0,-178.0,138.0,-3.0,-9.0,11.0,0
67.0,-176.0,135.0,3.0,-12.0,12.0,0
69.0,-170.0,134.0,8.0,-14.0,13.0,0
71.0,-173.0,136.0,6.0,-17.0,14.0,0
73.0,-170.0,132.0,-3.0,-20.0,16.0,0
72.0,-170.0,138.0,-14.0,-22.0,18.0,0
74.0,-171.0,136.0,-26.0,-23.0,19.0,0
75.0,-174.0,138.0,-42.0,-23.0,23.0,0
73.0,-172.0,139.0,-56.0,-26.0,28.0,0
67.0,-177.0,140.0,-69.0,-32.0,33.0,0
72.0,-176.0,144.0,-78.0,-35.0,36.0,0
70.0,-175.0,142.0,-81.0,-40.0,39.0,0
72.0,-174.0,143.0,-82.0,-42.0,40.0,0
73.0,-170.0,141.0,-80.0,-41.0,40.0,0
74.0,-173.0,139.0,-76.0,-39.0,37.0,0
76.0,-172.0,135.0,-74.0,-31.0,36.0,0
77.0,-171.0,141.0,-74.0,-22.0,35.0,0
76.0,-169.0,136.0,-76.0,-13.0,35.0,0
76.0,-165.0,139.0,-82.0,-6.0,38.0,0
74.0,-170.0,137.0,-88.0,0.0,41.0,0
77.0,-172.0,139.0,-94.0,4.0,42.0,0
76.0,-173.0,140.0,-101.0,9.0,41.0,0
76.0,-169.0,141.0,-103.0,14.0,40.0,0
76.0,-173.0,144.0,-105.0,19.0,36.0,0
74.0,-173.0,141.0,-106.0,24.0,33.0,0
76.0,-174.0,142.0,-108.0,29.0,28.0,0
76.0,-172.0,140.0,-113.0,34.0,24.0,0
76.0,-175.0,142.0,-119.0,37.0,21.0,0
75.0,-174.0,137.0,-123.0,38.0,21.0,0
73.0,-178.0,140.0,-128.0,40.0,20.0,0
74.0,-176.0,142.0,-133.0,41.0,20.0,0
72.0,-176.0,139.0,-138.0,41.0,21.0,0
71.0,-177.0,136.0,-141.0,41.0,22.0,0
70.0,-176.0,134.0,-147.0,44.0,24.0,0
73.0,-175.0,136.0,-152.0,48.0,23.0,0
71.0,-175.0,139.0,-154.0,55.0,23.0,0
74.0,-174.0,140.0,-158.0,61.0,24.0,0
76.0,-171.0,139.0,-160.0,70.0,23.0,0
76.0,-170.0,142.0,-162.0,78.0,25.0,0
75.0,-170.0,139.0,-162.0,89.0,27.0,0
75.0,-168.0,139.0,-163.0,95.0,28.0,0
74.0,-170.0,140.0,-161.0,102.0,29.0,0
74.0,-171.0,134.0,-165.0,105.0,30.0,0
71.0,-170.0,135.0,-170.0,108.0,33.0,0
73.0,-172.0,135.0,-179.0,111.0,35.0,0
70.0,-176.0,134.0,-191.0,111.0,34.0,0
68.0,-179.0,136.0,-201.0,110.0,32.0,0
69.0,-185.0,137.0,-212.0,107.0,29.0,0
70.0,-186.0,137.0,-220.0,104.0,25.0,0
66.0,-187.0,139.0,-226.0,98.0,20.0,0
70.0,-191.0,140.0,-233.0,94.0,20.0,0
67.0,-186.0,138.0,-233.0,93.0,17.0,0
69.0,-190.0,141.0,-232.0,92.0,14.0,0
68.0,-189.0,135.0,-227.0,93.0,13.0,0
70.0,-189.0,134.0,-222.0,95.0,14.0,0
70.0,-186.0,133.0,-215.0,97.0,13.0,0
69.0,-187.0,134.0,-212.0,100.0,13.0,0
68.0,-183.0,132.0,-205.0,106.0,15.0,0
69.0,-182.0,135.0,-195.0,111.0,12.0,0
70.0,-184.0,131.0,-180.0,117.0,11.0,0
69.0,-185.0,135.0,-166.0,121.0,8.0,0
69.0,-189.0,131.0,-146.0,123.0,6.0,0
67.0,-187.0,132.0,-127.0,124.0,5.0,0
68.0,-188.0,129.0,-107.0,121.0,2.0,0
68.0,-188.0,132.0,-88.0,117.0,1.0,0
65.0,-188.0,134.0,-72.0,114.0,-2.0,0
65.0,-182.0,135.0,-60.0,109.0,-4.0,0
61.0,-187.0,137.0,-49.0,104.0,-6.0,0
65.0,-186.0,135.0,-41.0,101.0,-10.0,0
61.0,-185.0,132.0,-34.0,97.0,-13.0,0
59.0,-185.0,134.0,-28.0,94.0,-14.0,0
56.0,-181.0,137.0,-26.0,92.0,-16.0,0
58.0,-181.0,134.0,-21.0,90.0,-17.0,0
60.0,-186.0,134.0,-20.0,92.0,-18.0,0
60.0,-181.0,133.0,-14.0,94.0,-20.0,0
59.0,-182.0,137.0,-5.0,96.0,-23.0,0
57.0,-183.0,133.0,6.0,100.0,-26.0,0
61.0,-181.0,134.0,18.0,103.0,-30.0,0
58.0,-179.0,136.0,29.0,106.0,-33.0,0
60.0,-176.0,137.0,38.0,109.0,-31.0,0
58.0,-176.0,136.0,43.0,110.0,-27.0,0
61.0,-176.0,135.0,42.0,109.0,-21.0,0
58.0,-174.0,135.0,37.0,106.0,-15.0,0
60.0,-173.0,133.0,27.0,105.0,-6.0,0
60.0,-173.0,133.0,18.0,101.0,3.0,0
58.0,-175.0,137.0,8.0,98.0,11.0,0
56.0,-174.0,135.0,-1.0,93.0,19.0,0
58.0,-175.0,135.0,-8.0,87.0,25.0,0
61.0,-178.0,136.0,-13.0,79.0,27.0,0
57.0,-178.0,136.0,-17.0,71.0,29.0,0
58.0,-182.0,137.0,-19.0,64.0,30.0,0
57.0,-180.0,135.0,-24.0,54.0,30.0,0
61.0,-183.0,134.0,-28.0,45.0,30.0,0
59.0,-182.0,133.0,-34.0,39.0,26.0,0
61.0,-187.0,134.0,-42.0,35.0,21.0,0
63.0,-187.0,136.0,-48.0,33.0,18.0,0
60.0,-185.0,132.0,-55.0,30.0,14.0,0
64.0,-187.0,133.0,-60.0,28.0,14.0,0
63.0,-188.0,133.0,-65.0,26.0,12.0,0
62.0,-185.0,127.0,-69.0,24.0,11.0,0
63.0,-188.0,130.0,-70.0,21.0,11.0,0
63.0,-191.0,133.0,-70.0,17.0,13.0,0
67.0,-187.0,131.0,-66.0,15.0,11.0,0
65.0,-189.0,130.0,-61.0,12.0,8.0,0
64.0,-189.0,132.0,-56.0,9.0,6.0,0
65.0,-189.0,133.0,-49.0,5.0,2.0,0
59.0,-191.0,131.0,-46.0,-1.0,-2.0,0
61.0,-187.0,128.0,-44.0,-9.0,-5.0,0
63.0,-185.0,130.0,-47.0,-17.0,-5.0,0
64.0,-186.0,135.0,-53.0,-24.0,-6.0,0
61.0,-187.0,134.0,-60.0,-29.0,-6.0,0
63.0,-184.0,135.0,-65.0,-35.0,-7.0,0
63.0,-181.0,135.0,-68.0,-37.0,-5.0,0
63.0,-184.0,137.0,-72.0,-38.0,-5.0,0
61.0,-181.0,135.0,-74.0,-40.0,-3.0,0
59.0,-179.0,135.0,-74.0,-40.0,-2.0,0
60.0,-174.0,127.0,-75.0,-39.0,0.0,0
59.0,-181.0,134.0,-74.0,-39.0,-1.0,0
62.0,-184.0,136.0,-74.0,-35.0,-2.0,0
62.0,-183.0,139.0,-72.0,-32.0,-2.0,0
62.0,-184.0,134.0,-67.0,-29.0,-5.0,0
61.0,-185.0,137.0,-61.0,-25.0,-6.0,0
63.0,-186.0,133.0,-55.0,-21.0,-7.0,0
64.0,-183.0,135.0,-45.0,-18.0,-9.0,0
62.0,-183.0,134.0,-38.0,-17.0,-8.0,0
63.0,-177.0,135.0,-35.0,-14.0,-7.0,0
62.0,-179.0,137.0,-34.0,-13.0,-3.0,0
65.0,-181.0,151.0,-34.0,-9.0,-2.0,0
63.0,-174.0,136.0,-38.0,-5.0,-1.0,0
64.0,-175.0,135.0,-42.0,-1.0,2.0,0
65.0,-174.0,135.0,-49.0,2.0,3.0,0
63.0,-176.0,136.0,-56.0,5.0,2.0,0
66.0,-177.0,138.0,-60.0,9.0,-1.0,0
65.0,-178.0,137.0,-65.0,11.0,-5.0,0
64.0,-181.0,134.0,-67.0,15.0,-9.0,0
64.0,-181.0,140.0,-64.0,15.0,-15.0,0
63.0,-185.0,138.0,-63.0,18.0,-19.0,0
61.0,-183.0,142.0,-59.0,21.0,-21.0,0
63.0,-183.0,141.0,-58.0,21.0,-22.0,0
64.0,-183.0,137.0,-57.0,22.0,-20.0,0
64.0,-181.0,138.0,-56.0,23.0,-19.0,0
64.0,-179.0,134.0,-55.0,27.0,-19.0,0
65.0,-176.0,134.0,-53.0,32.0,-18.0,0
70.0,-179.0,131.0,-54.0,36.0,-18.0,0
68.0,-175.0,131.0,-61.0,40.0,-17.0,0
71.0,-179.0,131.0,-69.0,43.0,-16.0,0
72.0,-180.0,132.0,-77.0,44.0,-16.0,0
70.0,-184.0,132.0,-83.0,42.0,-14.0,0
69.0,-185.0,134.0,-90.0,38.0,-15.0,0
70.0,-185.0,133.0,-91.0,35.0,-15.0,0
68.0,-189.0,135.0,-89.0,32.0,-16.0,0
72.0,-189.0,130.0,-83.0,30.0,-15.0,0
69.0,-189.0,135.0,-74.0,30.0,-18.0,0
69.0,-183.0,136.0,-68.0,31.0,-19.0,0
69.0,-184.0,140.0,-62.0,33.0,-18.0,0
71.0,-183.0,138.0,-60.0,34.0,-17.0,0
70.0,-184.0,136.0,-62.0,37.0,-16.0,0
68.0,-179.0,136.0,-66.0,38.0,-14.0,0
68.0,-178.0,134.0,-69.0,39.0,-10.0,0
69.0,-176.0,137.0,-73.0,38.0,-7.0,0
68.0,-178.0,136.0,-78.0,38.0,-4.0,0
69.0,-179.0,133.0,-83.0,36.0,0.0,0
64.0,-178.0,135.0,-88.0,35.0,3.0,0
65.0,-180.0,134.0,-92.0,36.0,4.0,0
66.0,-184.0,133.0,-92.0,37.0,6.0,0
65.0,-180.0,135.0,-94.0,36.0,6.0,0
66.0,-182.0,139.0,-94.0,35.0,4.0,0
63.0,-184.0,136.0,-95.0,38.0,4.0,0
64.0,-185.0,135.0,-95.0,39.0,2.0,0
64.0,-186.0,136.0,-97.0,39.0,0.0,0
63.0,-186.0,132.0,-99.0,40.0,-5.0,0
64.0,-186.0,135.0,-100.0,40.0,-8.0,0
63.0,-186.0,131.0,-99.0,40.0,-11.0,0
62.0,-188.0,136.0,-100.0,40.0,-13.0,0
60.0,-183.0,137.0,-99.0,38.0,-13.0,0
62.0,-182.0,134.0,-95.0,35.0,-13.0,0
61.0,-180.0,132.0,-92.0,32.0,-10.0,0
59.0,-181.0,140.0,-89.0,30.0,-9.0,0
63.0,-180.0,131.0,-87.0,27.0,-4.0,0
64.0,-180.0,132.0,-87.0,29.0,-1.0,0
64.0,-178.0,131.0,-89.0,31.0,3.0,0
64.0,-182.0,130.0,-90.0,34.0,6.0,0
64.0,-180.0,133.0,-95.0,34.0,9.0,0
62.0,-180.0,128.0,-95.0,35.0,11.0,0
64.0,-184.0,133.0,-96.0,36.0,10.0,0
62.0,-184.0,133.0,-97.0,35.0,10.0,0
64.0,-182.0,132.0,-92.0,35.0,9.0,0
63.0,-188.0,137.0,-87.0,34.0,7.0,0
64.0,-188.0,133.0,-80.0,34.0,4.0,0
60.0,-189.0,137.0,-77.0,34.0,0.0,0
60.0,-187.0,135.0,-72.0,34.0,-6.0,0
63.0,-184.0,132.0,-69.0,36.0,-11.0,0
65.0,-187.0,134.0,-67.0,36.0,-15.0,0
64.0,-186.0,134.0,-69.0,37.0,-18.0,0
62.0,-179.0,134.0,-74.0,39.0,-19.0,0
66.0,-182.0,133.0,-81.0,39.0,-17.0,0
64.0,-180.0,130.0,-89.0,40.0,-16.0,0
64.0,-183.0,131.0,-100.0,41.0,-15.0,0
63.0,-181.0,130.0,-106.0,42.0,-15.0,0
63.0,-181.0,135.0,-109.0,45.0,-15.0,0
64.0,-184.0,133.0,-108.0,45.0,-13.0,0
63.0,-186.0,137.0,-105.0,45.0,-14.0,0
64.0,-188.0,137.0,-101.0,43.0,-11.0,0
63.0,-186.0,139.0,-96.0,41.0,-9.0,0
64.0,-187.0,133.0,-89.0,37.0,-8.0,0
64.0,-188.0,137.0,-84.0,34.0,-5.0,0
64.0,-189.0,137.0,-80.0,28.0,-2.0,0
64.0,-185.0,131.0,-79.0,27.0,2.0,0
65.0,-187.0,132.0,-79.0,24.0,6.0,0
64.0,-187.0,129.0,-82.0,22.0,7.0,0
61.0,-184.0,131.0,-83.0,21.0,7.0,0
60.0,-186.0,129.0,-86.0,21.0,7.0,0
64.0,-184.0,132.0,-89.0,17.0,6.0,0
66.0,-184.0,130.0,-92.0,18.0,6.0,0
64.0,-184.0,130.0,-96.0,20.0,6.0,0
67.0,-186.0,131.0,-99.0,21.0,4.0,0
65.0,-183.0,133.0,-102.0,23.0,2.0,0
65.0,-183.0,132.0,-103.0,25.0,0.0,0
66.0,-184.0,135.0,-104.0,26.0,1.0,0
65.0,-183.0,130.0,-102.0,25.0,0.0,0
67.0,-185.0,129.0,-104.0,23.0,1.0,0
64.0,-187.0,132.0,-101.0,22.0,4.0,0
64.0,-185.0,132.0,-102.0,18.0,6.0,0
64.0,-187.0,129.0,-99.0,14.0,12.0,0
65.0,-186.0,131.0,-96.0,13.0,17.0,0
63.0,-185.0,127.0,-97.0,13.0,22.0,0
64.0,-186.0,130.0,-96.0,18.0,25.0,0
65.0,-186.0,129.0,-96.0,24.0,25.0,0
63.0,-182.0,129.0,-96.0,28.0,25.0,0
60.0,-180.0,125.0,-99.0,30.0,25.0,0
61.0,-181.0,128.0,-104.0,31.0,22.0,0
62.0,-183.0,129.0,-113.0,31.0,20.0,0
63.0,-184.0,131.0,-119.0,34.0,18.0,0
64.0,-187.0,130.0,-125.0,34.0,15.0,0
63.0,-173.0,127.0,-127.0,38.0,10.0,0
63.0,-185.0,135.0,-128.0,36.0,8.0,0
61.0,-187.0,131.0,-127.0,36.0,3.0,0
61.0,-189.0,132.0,-123.0,34.0,0.0,0
63.0,-192.0,136.0,-121.0,34.0,-3.0,0
62.0,-189.0,135.0,-116.0,34.0,-6.0,0
64.0,-192.0,135.0,-110.0,35.0,-10.0,0
60.0,-190.0,133.0,-106.0,40.0,-16.0,0
62.0,-190.0,135.0,-100.0,47.0,-21.0,0
65.0,-190.0,130.0,-94.0,54.0,-27.0,0
63.0,-190.0,131.0,-89.0,60.0,-32.0,0
64.0,-189.0,131.0,-82.0,68.0,-36.0,0
63.0,-188.0,129.0,-76.0,73.0,-40.0,0
63.0,-190.0,130.0,-73.0,74.0,-44.0,0
62.0,-188.0,131.0,-68.0,76.0,-46.0,0
64.0,-189.0,130.0,-62.0,75.0,-48.0,0
62.0,-190.0,130.0,-59.0,73.0,-48.0,0
64.0,-185.0,130.0,-60.0,72.0,-49.0,0
64.0,-187.0,129.0,-62.0,70.0,-48.0,0
63.0,-186.0,130.0,-68.0,69.0,-48.0,0
63.0,-185.0,130.0,-71.0,68.0,-46.0,0
62.0,-181.0,130.0,-77.0,67.0,-42.0,0
64.0,-184.0,127.0,-81.0,68.0,-41.0,0
64.0,-186.0,128.0,-83.0,72.0,-38.0,0
64.0,-186.0,128.0,-81.0,76.0,-36.0,0
65.0,-188.0,129.0,-78.0,81.0,-36.0,0
64.0,-184.0,129.0,-73.0,83.0,-35.0,0
65.0,-190.0,131.0,-69.0,83.0,-32.0,0
60.0,-187.0,132.0,-65.0,83.0,-32.0,0
63.0,-187.0,130.0,-67.0,79.0,-32.0,0
60.0,-186.0,130.0,-73.0,77.0,-31.0,0
58.0,-183.0,128.0,-77.0,71.0,-28.0,0
62.0,-186.0,130.0,-85.0,68.0,-26.0,0
62.0,-188.0,135.0,-90.0,66.0,-23.0,0
64.0,-189.0,132.0,-90.0,64.0,-24.0,0
63.0,-181.0,146.0,-89.0,68.0,-25.0,0
64.0,-190.0,130.0,-85.0,72.0,-28.0,0
62.0,-192.0,131.0,-81.0,80.0,-29.0,0
63.0,-190.0,131.0,-74.0,88.0,-30.0,0
66.0,-191.0,136.0,-67.0,95.0,-31.0,0
62.0,-192.0,130.0,-60.0,97.0,-31.0,0
63.0,-191.0,126.0,-50.0,99.0,-29.0,0
62.0,-190.0,129.0,-42.0,100.0,-26.0,0
63.0,-190.0,128.0,-33.0,99.0,-24.0,0
61.0,-188.0,129.0,-25.0,96.0,-23.0,0
63.0,-188.0,130.0,-24.0,91.0,-21.0,0
54.0,-186.0,134.0,-26.0,87.0,-18.0,0
62.0,-191.0,128.0,-33.0,81.0,-14.0,0
63.0,-190.0,130.0,-43.0,76.0,-11.0,0
60.0,-188.0,132.0,-49.0,72.0,-11.0,0
58.0,-188.0,130.0,-51.0,69.0,-10.0,0
61.0,-190.0,135.0,-51.0,65.0,-9.0,0
60.0,-189.0,136.0,-50.0,59.0,-8.0,0
55.0,-185.0,134.0,-48.0,52.0,-5.0,0
62.0,-187.0,131.0,-48.0,47.0,-2.0,0
60.0,-185.0,132.0,-49.0,43.0,2.0,0
60.0,-185.0,131.0,-52.0,43.0,4.0,0
60.0,-184.0,135.0,-59.0,42.0,6.0,0
60.0,-186.0,131.0,-68.0,39.0,7.0,0
64.0,-185.0,130.0,-75.0,37.0,5.0,0
59.0,-185.0,131.0,-81.0,38.0,5.0,0
63.0,-187.0,128.0,-88.0,38.0,2.0,0
63.0,-184.0,129.0,-94.0,42.0,-3.0,0
64.0,-187.0,129.0,-98.0,46.0,-9.0,0
65.0,-190.0,127.0,-96.0,52.0,-13.0,0
65.0,-190.0,129.0,-94.0,60.0,-20.0,0
66.0,-188.0,130.0,-87.0,70.0,-30.0,0
64.0,-190.0,129.0,-83.0,79.0,-41.0,0
64.0,-190.0,134.0,-77.0,86.0,-50.0,0
64.0,-190.0,131.0,-73.0,89.0,-57.0,0
64.0,-190.0,131.0,-66.0,89.0,-62.0,0
64.0,-188.0,133.0,-58.0,87.0,-67.0,0
63.0,-187.0,130.0,-52.0,86.0,-68.0,0
64.0,-183.0,131.0,-50.0,87.0,-68.0,0
58.0,-185.0,131.0,-50.0,88.0,-63.0,0
62.0,-186.0,129.0,-57.0,92.0,-58.0,0
60.0,-184.0,130.0,-62.0,97.0,-51.0,0
57.0,-184.0,125.0,-70.0,101.0,-43.0,0
61.0,-186.0,123.0,-78.0,103.0,-38.0,0
59.0,-190.0,127.0,-84.0,104.0,-34.0,0
58.0,-191.0,125.0,-89.0,102.0,-30.0,0
59.0,-193.0,126.0,-90.0,96.0,-30.0,0
58.0,-197.0,129.0,-86.0,87.0,-30.0,0
54.0,-197.0,132.0,-80.0,76.0,-31.0,0
59.0,-198.0,131.0,-70.0,66.0,-30.0,0
59.0,-197.0,131.0,-58.0,61.0,-31.0,0
57.0,-193.0,133.0,-46.0,59.0,-30.0,0
59.0,-192.0,129.0,-35.0,61.0,-29.0,0
61.0,-192.0,129.0,-27.0,67.0,-27.0,0
61.0,-189.0,127.0,-17.0,72.0,-25.0,0
61.0,-188.0,131.0,-10.0,79.0,-24.0,0
58.0,-185.0,131.0,-6.0,83.0,-24.0,0
58.0,-186.0,129.0,-4.0,86.0,-19.0,0
60.0,-186.0,125.0,-6.0,85.0,-15.0,0
58.0,-184.0,127.0,-7.0,82.0,-10.0,0
56.0,-184.0,126.0,-11.0,78.0,-3.0,0
55.0,-187.0,125.0,-15.0,70.0,0.0,0
58.0,-192.0,124.0,-20.0,63.0,5.0,0
58.0,-191.0,127.0,-28.0,57.0,7.0,0
56.0,-194.0,128.0,-32.0,55.0,9.0,0
57.0,-193.0,129.0,-36.0,52.0,8.0,0
57.0,-192.0,135.0,-35.0,52.0,9.0,0
56.0,-192.0,127.0,-30.0,51.0,8.0,0
58.0,-191.0,133.0,-28.0,50.0,9.0,0
58.0,-192.0,132.0,-28.0,52.0,9.0,0
61.0,-189.0,130.0,-27.0,57.0,9.0,0
62.0,-188.0,129.0,-25.0,60.0,8.0,0
63.0,-188.0,131.0,-26.0,66.0,7.0,0
63.0,-188.0,129.0,-27.0,71.0,4.0,0
64.0,-188.0,128.0,-28.0,74.0,2.0,0
65.0,-183.0,128.0,-29.0,78.0,0.0,0
64.0,-187.0,130.0,-36.0,82.0,-3.0,0
63.0,-188.0,130.0,-41.0,83.0,-5.0,0
63.0,-188.0,129.0,-47.0,84.0,-10.0,0
61.0,-189.0,133.0,-49.0,85.0,-12.0,0
63.0,-190.0,131.0,-50.0,85.0,-14.0,0
57.0,-188.0,136.0,-47.0,80.0,-16.0,0
60.0,-187.0,134.0,-39.0,76.0,-15.0,0
60.0,-191.0,133.0,-32.0,72.0,-12.0,0
59.0,-189.0,131.0,-29.0,69.0,-13.0,0
58.0,-188.0,131.0,-28.0,71.0,-13.0,0
61.0,-190.0,131.0,-29.0,77.0,-12.0,0
58.0,-190.0,133.0,-28.0,82.0,-15.0,0
56.0,-189.0,129.0,-27.0,86.0,-15.0,0
56.0,-186.0,129.0,-27.0,88.0,-13.0,0
61.0,-190.0,130.0,-24.0,91.0,-13.0,0
60.0,-191.0,129.0,-26.0,94.0,-16.0,0
63.0,-192.0,130.0,-27.0,101.0,-24.0,0
59.0,-191.0,131.0,-28.0,108.0,-32.0,0
59.0,-188.0,133.0,-23.0,115.0,-38.0,0
61.0,-189.0,134.0,-14.0,122.0,-46.0,0
64.0,-188.0,130.0,-2.0,127.0,-53.0,0
61.0,-189.0,131.0,5.0,134.0,-61.0,0
62.0,-191.0,129.0,11.0,140.0,-66.0,0
62.0,-191.0,132.0,19.0,147.0,-71.0,0
59.0,-188.0,133.0,24.0,153.0,-75.0,0
59.0,-191.0,132.0,30.0,155.0,-79.0,0
57.0,-191.0,133.0,36.0,156.0,-84.0,0
50.0,-189.0,130.0,42.0,152.0,-85.0,0
47.0,-191.0,130.0,48.0,145.0,-86.0,0
48.0,-191.0,131.0,57.0,136.0,-90.0,0
46.0,-193.0,134.0,63.0,131.0,-91.0,0
48.0,-189.0,129.0,72.0,130.0,-94.0,0
51.0,-188.0,130.0,79.0,133.0,-100.0,0
54.0,-188.0,128.0,84.0,139.0,-103.0,0
57.0,-190.0,131.0,84.0,150.0,-106.0,0
58.0,-186.0,132.0,84.0,161.0,-110.0,0
56.0,-183.0,131.0,80.0,169.0,-114.0,0
60.0,-180.0,134.0,75.0,178.0,-113.0,0
60.0,-179.0,130.0,65.0,186.0,-112.0,0
60.0,-177.0,130.0,48.0,194.0,-112.0,0
64.0,-184.0,128.0,35.0,204.0,-114.0,0
60.0,-188.0,132.0,18.0,208.0,-116.0,0
57.0,-185.0,129.0,9.0,206.0,-120.0,0
58.0,-190.0,130.0,6.0,198.0,-118.0,0
59.0,-192.0,134.0,7.0,186.0,-120.0,0
59.0,-189.0,136.0,9.0,175.0,-120.0,0
56.0,-192.0,133.0,13.0,163.0,-120.0,0
57.0,-196.0,133.0,18.0,152.0,-117.0,0
57.0,-194.0,137.0,23.0,141.0,-116.0,0
54.0,-193.0,140.0,29.0,134.0,-115.0,0
49.0,-188.0,138.0,37.0,131.0,-114.0,0
50.0,-183.0,138.0,42.0,135.0,-110.0,0
53.0,-183.0,140.0,48.0,146.0,-111.0,0
54.0,-182.0,137.0,54.0,160.0,-114.0,0
57.0,-180.0,132.0,62.0,173.0,-116.0,0
58.0,-183.0,136.0,72.0,180.0,-114.0,0
58.0,-182.0,135.0,82.0,183.0,-111.0,0
58.0,-184.0,140.0,93.0,189.0,-110.0,0
61.0,-184.0,136.0,97.0,194.0,-109.0,0
65.0,-186.0,139.0,100.0,197.0,-108.0,0
61.0,-182.0,144.0,104.0,202.0,-110.0,0
62.0,-183.0,143.0,113.0,206.0,-110.0,0
62.0,-181.0,145.0,126.0,211.0,-109.0,0
56.0,-181.0,145.0,140.0,211.0,-108.0,0
62.0,-179.0,141.0,151.0,208.0,-105.0,0
63.0,-177.0,142.0,159.0,206.0,-102.0,0
60.0,-175.0,146.0,157.0,206.0,-103.0,0
62.0,-174.0,140.0,154.0,205.0,-105.0,0
61.0,-175.0,148.0,145.0,205.0,-106.0,0
64.0,-172.0,147.0,136.0,205.0,-109.0,0
64.0,-169.0,145.0,131.0,210.0,-112.0,0
64.0,-172.0,146.0,127.0,215.0,-113.0,0
65.0,-172.0,148.0,116.0,223.0,-118.0,0
64.0,-171.0,145.0,105.0,233.0,-124.0,0
61.0,-169.0,147.0,93.0,245.0,-130.0,0
65.0,-169.0,147.0,86.0,253.0,-137.0,0
64.0,-169.0,145.0,84.0,260.0,-140.0,0
62.0,-167.0,149.0,81.0,264.0,-142.0,0
62.0,-170.0,150.0,76.0,267.0,-141.0,0
62.0,-171.0,149.0,71.0,266.0,-137.0,0
60.0,-172.0,147.0,65.0,266.0,-139.0,0
58.0,-171.0,149.0,67.0,271.0,-140.0,0
53.0,-173.0,147.0,71.0,274.0,-132.0,0
54.0,-178.0,143.0,72.0,273.0,-127.0,0
58.0,-176.0,144.0,72.0,275.0,-128.0,0
57.0,-179.0,148.0,68.0,282.0,-133.0,0
56.0,-175.0,143.0,64.0,293.0,-137.0,0
57.0,-174.0,142.0,57.0,307.0,-140.0,0
58.0,-174.0,141.0,53.0,321.0,-144.0,0
56.0,-175.0,144.0,50.0,333.0,-142.0,0
55.0,-173.0,144.0,44.0,340.0,-143.0,0
52.0,-173.0,146.0,38.0,347.0,-140.0,0
51.0,-171.0,148.0,34.0,347.0,-139.0,0
48.0,-174.0,150.0,34.0,344.0,-130.0,0
49.0,-169.0,147.0,36.0,338.0,-120.0,0
45.0,-167.0,143.0,32.0,335.0,-109.0,0
51.0,-171.0,145.0,21.0,334.0,-96.0,0
47.0,-166.0,143.0,10.0,340.0,-89.0,0
49.0,-175.0,131.0,-4.0,348.0,-81.0,0
48.0,-168.0,144.0,-12.0,347.0,-75.0,0
48.0,-164.0,147.0,-21.0,338.0,-74.0,0
54.0,-162.0,148.0,-37.0,327.0,-73.0,0
51.0,-163.0,147.0,-66.0,320.0,-71.0,0
51.0,-160.0,146.0,-108.0,321.0,-75.0,0
45.0,-161.0,143.0,-151.0,321.0,-78.0,0
44.0,-166.0,141.0,-187.0,329.0,-84.0,0
47.0,-169.0,139.0,-219.0,342.0,-91.0,0
49.0,-173.0,135.0,-240.0,351.0,-104.0,0
52.0,-173.0,133.0,-247.0,357.0,-117.0,0
55.0,-171.0,128.0,-240.0,357.0,-126.0,0
56.0,-172.0,129.0,-223.0,353.0,-134.0,0
52.0,-166.0,136.0,-205.0,344.0,-139.0,0
50.0,-167.0,139.0,-191.0,328.0,-141.0,0
51.0,-165.0,137.0,-185.0,306.0,-136.0,0
47.0,-163.0,142.0,-189.0,285.0,-127.0,0
42.0,-158.0,142.0,-199.0,273.0,-118.0,0
42.0,-159.0,135.0,-217.0,275.0,-109.0,0
44.0,-159.0,137.0,-251.0,289.0,-114.0,0
39.0,-158.0,136.0,-292.0,295.0,-121.0,0
44.0,-161.0,126.0,-341.0,280.0,-120.0,0
36.0,-161.0,125.0,-395.0,240.0,-110.0,0
38.0,-164.0,124.0,-450.0,188.0,-91.0,0
39.0,-169.0,126.0,-510.0,142.0,-67.0,0
41.0,-180.0,126.0,-566.0,116.0,-44.0,0
39.0,-184.0,129.0,-605.0,108.0,-20.0,0
35.0,-187.0,135.0,-624.0,108.0,5.0,0
30.0,-192.0,125.0,-620.0,110.0,36.0,0
33.0,-195.0,118.0,-612.0,103.0,68.0,0
31.0,-195.0,115.0,-607.0,86.0,99.0,0
37.0,-200.0,109.0,-603.0,71.0,128.0,0
32.0,-207.0,112.0,-591.0,56.0,152.0,0
29.0,-204.0,111.0,-562.0,41.0,171.0,0
31.0,-205.0,117.0,-518.0,42.0,185.0,0
30.0,-199.0,117.0,-475.0,65.0,191.0,0
29.0,-192.0,114.0,-441.0,87.0,188.0,0
30.0,-188.0,116.0,-434.0,98.0,176.0,0
38.0,-181.0,120.0,-448.0,100.0,161.0,0
41.0,-174.0,117.0,-477.0,96.0,154.0,0
37.0,-173.0,126.0,-517.0,96.0,155.0,0
38.0,-172.0,125.0,-558.0,101.0,169.0,0
38.0,-171.0,127.0,-595.0,116.0,186.0,0
44.0,-166.0,128.0,-627.0,134.0,207.0,0
39.0,-168.0,123.0,-658.0,151.0,230.0,0
43.0,-170.0,119.0,-681.0,151.0,258.0,0
45.0,-172.0,121.0,-701.0,162.0,282.0,0
45.0,-175.0,124.0,-715.0,183.0,297.0,0
48.0,-184.0,127.0,-734.0,224.0,308.0,0
50.0,-189.0,133.0,-749.0,267.0,317.0,0
53.0,-193.0,134.0,-747.0,311.0,331.0,0
48.0,-200.0,134.0,-732.0,330.0,347.0,0
27.0,-203.0,131.0,-706.0,315.0,372.0,0
14.0,-213.0,128.0,-674.0,283.0,401.0,0
2.0,-219.0,139.0,-629.0,244.0,416.0,0
-2.0,-217.0,131.0,-580.0,210.0,414.0,0
-3.0,-213.0,127.0,-555.0,177.0,395.0,0
6.0,-210.0,126.0,-546.0,151.0,360.0,0
19.0,-204.0,125.0,-544.0,149.0,324.0,0
23.0,-201.0,130.0,-545.0,177.0,295.0,0
30.0,-200.0,130.0,-530.0,209.0,271.0,0
45.0,-198.0,130.0,-512.0,231.0,247.0,0
52.0,-194.0,138.0,-499.0,251.0,221.0,0
54.0,-193.0,143.0,-487.0,279.0,192.0,0
48.0,-189.0,140.0,-468.0,311.0,159.0,0
45.0,-192.0,141.0,-462.0,346.0,134.0,0
45.0,-198.0,138.0,-467.0,358.0,121.0,0
45.0,-204.0,129.0,-472.0,372.0,107.0,0
41.0,-206.0,137.0,-463.0,383.0,99.0,0
24.0,-206.0,134.0,-441.0,394.0,90.0,0
20.0,-204.0,131.0,-418.0,406.0,78.0,0
17.0,-203.0,137.0,-399.0,416.0,66.0,0
11.0,-198.0,141.0,-388.0,421.0,56.0,0
9.0,-199.0,132.0,-386.0,415.0,49.0,0
14.0,-200.0,126.0,-400.0,399.0,51.0,0
9.0,-197.0,118.0,-424.0,383.0,55.0,0
11.0,-198.0,117.0,-451.0,364.0,62.0,0
2.0,-194.0,121.0,-471.0,365.0,67.0,0
-5.0,-195.0,113.0,-481.0,373.0,71.0,0
2.0,-197.0,120.0,-490.0,388.0,70.0,0
11.0,-193.0,116.0,-500.0,406.0,62.0,0
20.0,-197.0,111.0,-512.0,429.0,54.0,0
27.0,-201.0,109.0,-526.0,441.0,48.0,0
27.0,-205.0,102.0,-536.0,454.0,43.0,0
29.0,-213.0,102.0,-552.0,457.0,44.0,0
28.0,-211.0,103.0,-566.0,457.0,49.0,0
35.0,-218.0,101.0,-577.0,452.0,61.0,0
25.0,-216.0,103.0,-578.0,455.0,72.0,0
31.0,-220.0,98.0,-575.0,448.0,82.0,0
31.0,-216.0,97.0,-580.0,435.0,87.0,0
43.0,-223.0,91.0,-596.0,423.0,88.0,0
44.0,-223.0,90.0,-613.0,412.0,87.0,0
41.0,-224.0,87.0,-627.0,417.0,83.0,0
32.0,-231.0,86.0,-630.0,421.0,81.0,0
20.0,-229.0,90.0,-630.0,430.0,78.0,0
17.0,-230.0,94.0,-631.0,436.0,85.0,0
18.0,-232.0,101.0,-628.0,447.0,87.0,0
18.0,-229.0,97.0,-623.0,453.0,84.0,0
14.0,-227.0,90.0,-626.0,451.0,79.0,0
24.0,-226.0,86.0,-638.0,439.0,83.0,0
25.0,-222.0,89.0,-647.0,444.0,87.0,0
29.0,-223.0,86.0,-649.0,463.0,94.0,0
26.0,-220.0,88.0,-654.0,485.0,101.0,0
17.0,-217.0,94.0,-661.0,501.0,103.0,0
18.0,-211.0,94.0,-667.0,503.0,108.0,0
7.0,-213.0,90.0,-678.0,497.0,111.0,0
10.0,-213.0,84.0,-700.0,474.0,123.0,0
9.0,-215.0,91.0,-725.0,453.0,133.0,0
4.0,-218.0,86.0,-738.0,440.0,139.0,0
3.0,-215.0,87.0,-746.0,441.0,146.0,0
1.0,-219.0,89.0,-749.0,448.0,147.0,0
2.0,-219.0,82.0,-751.0,455.0,144.0,0
1.0,-226.0,85.0,-747.0,460.0,139.0,0
4.0,-225.0,81.0,-743.0,464.0,135.0,0
1.0,-234.0,81.0,-738.0,471.0,132.0,0
1.0,-237.0,85.0,-733.0,480.0,128.0,0
0.0,-240.0,83.0,-720.0,492.0,123.0,0
0.0,-235.0,82.0,-708.0,499.0,122.0,0
-2.0,-238.0,82.0,-699.0,509.0,124.0,0
0.0,-239.0,81.0,-686.0,519.0,128.0,0
-3.0,-238.0,82.0,-667.0,531.0,130.0,0
-2.0,-235.0,72.0,-651.0,538.0,132.0,0
-2.0,-233.0,72.0,-647.0,540.0,133.0,0
-7.0,-234.0,72.0,-645.0,544.0,129.0,0
-5.0,-238.0,68.0,-635.0,550.0,123.0,0
-5.0,-235.0,72.0,-619.0,563.0,115.0,0
-7.0,-238.0,71.0,-594.0,575.0,100.0,0
-9.0,-240.0,73.0,-580.0,585.0,86.0,0
-6.0,-236.0,70.0,-579.0,586.0,71.0,0
-7.0,-235.0,71.0,-585.0,581.0,61.0,0
-1.0,-234.0,71.0,-591.0,577.0,54.0,0
-11.0,-233.0,69.0,-590.0,582.0,47.0,0
-12.0,-233.0,63.0,-591.0,575.0,42.0,0
-16.0,-235.0,64.0,-592.0,570.0,39.0,0
-20.0,-235.0,69.0,-595.0,566.0,37.0,0
-22.0,-236.0,64.0,-597.0,565.0,35.0,0
-28.0,-237.0,65.0,-589.0,565.0,35.0,0
-27.0,-240.0,60.0,-583.0,559.0,35.0,0
-26.0,-237.0,60.0,-576.0,551.0,35.0,0
-27.0,-237.0,63.0,-576.0,546.0,36.0,0
-27.0,-237.0,59.0,-583.0,545.0,38.0,0
-27.0,-236.0,60.0,-588.0,548.0,38.0,0
-19.0,-240.0,60.0,-592.0,551.0,38.0,0
-16.0,-242.0,62.0,-589.0,556.0,35.0,0
-16.0,-240.0,62.0,-584.0,569.0,27.0,0
-19.0,-237.0,63.0,-578.0,589.0,22.0,0
-12.0,-239.0,56.0,-577.0,598.0,17.0,0
-13.0,-239.0,61.0,-577.0,601.0,13.0,0
-11.0,-237.0,59.0,-575.0,601.0,9.0,0
-6.0,-235.0,56.0,-571.0,602.0,7.0,0
-8.0,-237.0,65.0,-569.0,603.0,3.0,0
-10.0,-232.0,65.0,-568.0,605.0,-1.0,0
-15.0,-227.0,63.0,-573.0,610.0,-4.0,0
-12.0,-227.0,61.0,-590.0,613.0,2.0,0
-14.0,-231.0,57.0,-616.0,604.0,15.0,0
-10.0,-234.0,57.0,-643.0,590.0,27.0,0
-12.0,-240.0,55.0,-660.0,579.0,36.0,0
-8.0,-244.0,50.0,-667.0,574.0,39.0,0
-12.0,-249.0,54.0,-666.0,575.0,38.0,0
-15.0,-253.0,54.0,-655.0,576.0,38.0,0
-15.0,-254.0,54.0,-639.0,574.0,41.0,0
-13.0,-255.0,48.0,-619.0,576.0,47.0,0
-21.0,-250.0,43.0,-600.0,583.0,53.0,0
-16.0,-248.0,46.0,-583.0,592.0,59.0,0
-21.0,-249.0,43.0,-567.0,604.0,58.0,0
-20.0,-248.0,40.0,-556.0,610.0,60.0,0
-18.0,-248.0,40.0,-550.0,606.0,64.0,0
-13.0,-251.0,42.0,-545.0,599.0,64.0,0
-10.0,-248.0,41.0,-540.0,592.0,60.0,0
-12.0,-250.0,40.0,-535.0,592.0,54.0,0
-11.0,-250.0,40.0,-532.0,595.0,47.0,0
-12.0,-251.0,41.0,-533.0,600.0,37.0,0
-9.0,-249.0,34.0,-544.0,612.0,28.0,0
-14.0,-248.0,41.0,-556.0,621.0,20.0,0
-19.0,-249.0,39.0,-572.0,627.0,21.0,0
-37.0,-266.0,27.0,-595.0,628.0,29.0,0
-33.0,-252.0,39.0,-614.0,626.0,40.0,0
-25.0,-257.0,32.0,-624.0,621.0,50.0,0
-21.0,-257.0,36.0,-628.0,616.0,51.0,0
-18.0,-258.0,36.0,-623.0,621.0,43.0,0
-18.0,-261.0,32.0,-615.0,633.0,30.0,0
-18.0,-265.0,33.0,-603.0,649.0,16.0,0
-20.0,-263.0,37.0,-592.0,664.0,1.0,0
-9.0,-267.0,28.0,-579.0,675.0,-14.0,0
-12.0,-266.0,31.0,-570.0,685.0,-33.0,0
-6.0,-265.0,28.0,-557.0,697.0,-46.0,0
-14.0,-261.0,30.0,-541.0,709.0,-61.0,0
-15.0,-262.0,32.0,-528.0,716.0,-69.0,0
-17.0,-258.0,35.0,-518.0,712.0,-79.0,0
-9.0,-264.0,38.0,-504.0,714.0,-89.0,0
-9.0,-259.0,37.0,-481.0,723.0,-104.0,0
-4.0,-260.0,34.0,-457.0,734.0,-125.0,0
-3.0,-263.0,34.0,-437.0,744.0,-152.0,0
-4.0,-264.0,33.0,-416.0,748.0,-179.0,0
-2.0,-264.0,28.0,-397.0,743.0,-198.0,0
-7.0,-267.0,26.0,-376.0,732.0,-217.0,0
-12.0,-268.0,16.0,-354.0,721.0,-230.0,0
-19.0,-269.0,18.0,-334.0,704.0,-245.0,0
-29.0,-268.0,12.0,-322.0,692.0,-253.0,0
-33.0,-267.0,6.0,-321.0,682.0,-262.0,0
-38.0,-270.0,2.0,-338.0,679.0,-277.0,0
-46.0,-269.0,4.0,-360.0,683.0,-291.0,0
-44.0,-269.0,-1.0,-383.0,690.0,-303.0,0
-52.0,-265.0,-5.0,-409.0,698.0,-313.0,0
-51.0,-265.0,-7.0,-433.0,711.0,-321.0,0
-51.0,-265.0,-9.0,-455.0,723.0,-327.0,0
-50.0,-268.0,-12.0,-470.0,739.0,-327.0,0
-50.0,-265.0,-15.0,-477.0,745.0,-322.0,0
-50.0,-264.0,-16.0,-479.0,751.0,-310.0,0
-47.0,-263.0,-17.0,-473.0,757.0,-292.0,0
-43.0,-260.0,-18.0,-465.0,754.0,-269.0,0
-38.0,-259.0,-22.0,-453.0,752.0,-244.0,0
-39.0,-257.0,-20.0,-438.0,756.0,-221.0,0
-30.0,-256.0,-22.0,-416.0,755.0,-194.0,0
-32.0,-255.0,-21.0,-389.0,750.0,-166.0,0
-25.0,-251.0,-17.0,-372.0,741.0,-137.0,0
-19.0,-252.0,-18.0,-372.0,729.0,-112.0,0
-21.0,-250.0,-23.0,-389.0,712.0,-92.0,0
-18.0,-251.0,-24.0,-419.0,700.0,-73.0,0
-21.0,-252.0,-19.0,-451.0,693.0,-56.0,0
-19.0,-255.0,-24.0,-487.0,690.0,-42.0,0
-28.0,-253.0,-25.0,-524.0,695.0,-30.0,0
-26.0,-257.0,-25.0,-558.0,699.0,-25.0,0
-26.0,-259.0,-29.0,-593.0,702.0,-24.0,0
-23.0,-264.0,-27.0,-622.0,710.0,-32.0,0
-21.0,-262.0,-29.0,-648.0,730.0,-54.0,0
-20.0,-273.0,-32.0,-665.0,754.0,-84.0,0
-21.0,-274.0,-32.0,-667.0,777.0,-121.0,0
-24.0,-282.0,-29.0,-652.0,796.0,-158.0,0
-22.0,-287.0,-30.0,-619.0,809.0,-196.0,0
-25.0,-287.0,-31.0,-575.0,821.0,-234.0,0
-24.0,-290.0,-29.0,-529.0,834.0,-271.0,0
-31.0,-290.0,-28.0,-485.0,851.0,-301.0,0
-36.0,-291.0,-34.0,-448.0,870.0,-324.0,0
-37.0,-289.0,-35.0,-417.0,886.0,-335.0,0
-41.0,-288.0,-37.0,-393.0,897.0,-332.0,0
-41.0,-286.0,-39.0,-370.0,896.0,-313.0,0
-41.0,-287.0,-42.0,-351.0,888.0,-277.0,0
-39.0,-288.0,-39.0,-331.0,871.0,-235.0,0
-37.0,-289.0,-43.0,-310.0,849.0,-198.0,0
-39.0,-286.0,-43.0,-291.0,821.0,-162.0,0
-37.0,-286.0,-45.0,-278.0,784.0,-125.0,0
-39.0,-284.0,-44.0,-276.0,744.0,-88.0,0
-40.0,-280.0,-49.0,-275.0,702.0,-59.0,0
-44.0,-276.0,-43.0,-282.0,657.0,-37.0,0
-48.0,-276.0,-38.0,-283.0,609.0,-20.0,0
-46.0,-274.0,-38.0,-273.0,561.0,-4.0,0
-51.0,-277.0,-35.0,-262.0,514.0,10.0,0
-59.0,-276.0,-31.0,-254.0,466.0,25.0,0
-62.0,-279.0,-31.0,-247.0,423.0,38.0,0
-67.0,-283.0,-31.0,-244.0,381.0,50.0,0
-67.0,-285.0,-28.0,-246.0,340.0,63.0,0
-68.0,-284.0,-30.0,-254.0,306.0,74.0,0
-64.0,-288.0,-31.0,-257.0,274.0,84.0,0
-62.0,-290.0,-34.0,-260.0,257.0,92.0,0
-55.0,-294.0,-37.0,-263.0,253.0,96.0,0
-51.0,-288.0,-43.0,-274.0,256.0,97.0,0
-44.0,-284.0,-42.0,-300.0,271.0,94.0,0
-39.0,-284.0,-40.0,-332.0,292.0,92.0,0
-28.0,-283.0,-47.0,-370.0,312.0,84.0,0
-26.0,-280.0,-46.0,-409.0,332.0,75.0,0
-15.0,-279.0,-47.0,-443.0,348.0,61.0,0
-16.0,-279.0,-44.0,-479.0,360.0,50.0,0
-8.0,-281.0,-45.0,-510.0,361.0,44.0,0
-6.0,-277.0,-42.0,-540.0,359.0,43.0,0
-5.0,-280.0,-46.0,-563.0,355.0,42.0,0
0.0,-282.0,-44.0,-579.0,351.0,38.0,0
-4.0,-284.0,-48.0,-588.0,351.0,31.0,0
-3.0,-284.0,-45.0,-582.0,355.0,20.0,0
-7.0,-286.0,-51.0,-568.0,363.0,5.0,0
-3.0,-286.0,-57.0,-552.0,370.0,-13.0,0
-4.0,-288.0,-53.0,-536.0,378.0,-30.0,0
-2.0,-294.0,-54.0,-512.0,386.0,-48.0,0
-2.0,-290.0,-60.0,-492.0,397.0,-58.0,0
5.0,-291.0,-61.0,-469.0,411.0,-69.0,0
11.0,-294.0,-60.0,-450.0,431.0,-80.0,0
9.0,-290.0,-63.0,-425.0,456.0,-87.0,0
16.0,-293.0,-65.0,-403.0,480.0,-92.0,0
19.0,-294.0,-63.0,-379.0,505.0,-95.0,0
20.0,-294.0,-57.0,-357.0,529.0,-96.0,0
19.0,-293.0,-58.0,-338.0,554.0,-94.0,0
18.0,-291.0,-59.0,-324.0,571.0,-93.0,0
12.0,-286.0,-59.0,-309.0,579.0,-88.0,0
10.0,-285.0,-57.0,-296.0,581.0,-83.0,0
9.0,-285.0,-58.0,-286.0,578.0,-81.0,0
6.0,-278.0,-57.0,-277.0,571.0,-81.0,0
4.0,-272.0,-58.0,-273.0,559.0,-80.0,0
3.0,-271.0,-54.0,-270.0,546.0,-75.0,0
4.0,-269.0,-55.0,-266.0,535.0,-72.0,0
8.0,-264.0,-56.0,-262.0,527.0,-71.0,0
4.0,-263.0,-57.0,-256.0,528.0,-73.0,0
7.0,-263.0,-58.0,-250.0,527.0,-70.0,0
6.0,-264.0,-56.0,-245.0,522.0,-70.0,0
8.0,-267.0,-54.0,-235.0,518.0,-70.0,0
7.0,-265.0,-52.0,-218.0,518.0,-74.0,0
9.0,-266.0,-51.0,-191.0,514.0,-78.0,0
13.0,-263.0,-47.0,-158.0,510.0,-81.0,0
12.0,-259.0,-44.0,-123.0,507.0,-83.0,0
16.0,-258.0,-41.0,-93.0,499.0,-76.0,0
12.0,-254.0,-36.0,-64.0,484.0,-66.0,0
9.0,-253.0,-34.0,-41.0,459.0,-50.0,0
9.0,-243.0,-31.0,-21.0,429.0,-27.0,0
0.0,-239.0,-29.0,-2.0,403.0,-1.0,0
-1.0,-240.0,-22.0,22.0,380.0,33.0,0
10.0,-239.0,-26.0,50.0,365.0,66.0,0
1.0,-241.0,-23.0,88.0,370.0,93.0,0
1.0,-237.0,-29.0,129.0,378.0,117.0,0
9.0,-242.0,-23.0,170.0,388.0,138.0,0
11.0,-237.0,-31.0,210.0,406.0,150.0,0
20.0,-232.0,-36.0,231.0,431.0,155.0,0
25.0,-229.0,-42.0,225.0,452.0,160.0,0
30.0,-229.0,-46.0,205.0,464.0,164.0,0
37.0,-226.0,-51.0,177.0,472.0,161.0,0
38.0,-227.0,-49.0,150.0,485.0,153.0,0
41.0,-228.0,-50.0,132.0,501.0,144.0,0
42.0,-228.0,-51.0,127.0,523.0,132.0,0
39.0,-231.0,-51.0,122.0,544.0,117.0,0
30.0,-230.0,-60.0,109.0,560.0,102.0,0
23.0,-229.0,-58.0,80.0,566.0,102.0,0
22.0,-236.0,-61.0,42.0,562.0,111.0,0
11.0,-239.0,-61.0,-3.0,549.0,128.0,0
1.0,-244.0,-60.0,-47.0,528.0,158.0,0
-6.0,-250.0,-63.0,-85.0,503.0,197.0,0
-12.0,-253.0,-67.0,-118.0,480.0,237.0,0
-20.0,-260.0,-69.0,-142.0,461.0,281.0,0
-30.0,-261.0,-75.0,-158.0,441.0,326.0,0
-43.0,-265.0,-84.0,-172.0,411.0,379.0,0
-55.0,-266.0,-91.0,-188.0,357.0,441.0,0
-66.0,-265.0,-107.0,-206.0,284.0,513.0,0
-74.0,-266.0,-116.0,-228.0,201.0,593.0,0
-77.0,-270.0,-116.0,-243.0,115.0,671.0,0
-77.0,-277.0,-112.0,-234.0,31.0,727.0,0
-76.0,-277.0,-115.0,-191.0,-37.0,757.0,0
-89.0,-278.0,-114.0,-118.0,-94.0,778.0,0
-95.0,-279.0,-114.0,-36.0,-144.0,801.0,0
-93.0,-275.0,-110.0,46.0,-187.0,826.0,0
-96.0,-282.0,-108.0,120.0,-214.0,839.0,0
-104.0,-269.0,-113.0,189.0,-222.0,845.0,0
-112.0,-267.0,-112.0,247.0,-221.0,843.0,0
-119.0,-261.0,-114.0,299.0,-214.0,831.0,0
-118.0,-256.0,-114.0,337.0,-189.0,813.0,0
-116.0,-250.0,-111.0,356.0,-144.0,786.0,0
-113.0,-245.0,-107.0,356.0,-89.0,753.0,0
-96.0,-237.0,-99.0,327.0,-30.0,720.0,0
-90.0,-227.0,-90.0,282.0,30.0,682.0,0
-85.0,-223.0,-82.0,240.0,97.0,652.0,0
-63.0,-227.0,-91.0,191.0,159.0,617.0,0
-68.0,-221.0,-72.0,135.0,217.0,582.0,0
-68.0,-226.0,-74.0,70.0,276.0,547.0,0
-54.0,-230.0,-76.0,1.0,328.0,514.0,0
-41.0,-223.0,-74.0,-64.0,393.0,452.0,0
-29.0,-223.0,-76.0,-120.0,487.0,369.0,0
-19.0,-220.0,-75.0,-175.0,603.0,279.0,0
-11.0,-218.0,-77.0,-228.0,720.0,196.0,0
-5.0,-216.0,-79.0,-287.0,823.0,121.0,0
0.0,-216.0,-80.0,-341.0,909.0,61.0,0
2.0,-215.0,-84.0,-385.0,976.0,11.0,0
1.0,-208.0,-81.0,-415.0,1026.0,-32.0,0
0.0,-223.0,-84.0,-437.0,1055.0,-72.0,0
-6.0,-223.0,-75.0,-443.0,1059.0,-103.0,0
-4.0,-231.0,-70.0,-432.0,1047.0,-123.0,0
-9.0,-237.0,-67.0,-398.0,1025.0,-136.0,0
-11.0,-243.0,-65.0,-342.0,1010.0,-146.0,0
-17.0,-245.0,-60.0,-261.0,1002.0,-150.0,0
-28.0,-247.0,-51.0,-165.0,996.0,-148.0,0
-38.0,-245.0,-49.0,-43.0,975.0,-140.0,0
-50.0,-244.0,-48.0,54.0,937.0,-124.0,0
-63.0,-241.0,-43.0,136.0,886.0,-100.0,0
-78.0,-238.0,-44.0,203.0,826.0,-63.0,0
-84.0,-234.0,-44.0,265.0,761.0,-18.0,0
-91.0,-233.0,-47.0,320.0,700.0,33.0,0
-96.0,-231.0,-43.0,375.0,648.0,87.0,0
-100.0,-231.0,-43.0,429.0,600.0,138.0,0
-101.0,-229.0,-44.0,483.0,552.0,185.0,0
-105.0,-225.0,-47.0,526.0,504.0,228.0,0
-104.0,-224.0,-51.0,554.0,447.0,272.0,0
-98.0,-228.0,-52.0,561.0,390.0,313.0,0
-89.0,-225.0,-54.0,554.0,338.0,345.0,0
-82.0,-229.0,-54.0,542.0,304.0,362.0,0
-70.0,-230.0,-53.0,534.0,291.0,364.0,0
-68.0,-232.0,-51.0,528.0,290.0,359.0,0
-65.0,-235.0,-50.0,522.0,294.0,352.0,0
-56.0,-235.0,-56.0,507.0,294.0,347.0,0
-50.0,-237.0,-60.0,472.0,298.0,343.0,0
-44.0,-242.0,-56.0,421.0,317.0,338.0,0
-32.0,-244.0,-57.0,374.0,362.0,328.0,0
-29.0,-248.0,-60.0,346.0,420.0,303.0,0
-31.0,-248.0,-59.0,341.0,482.0,261.0,0
-35.0,-256.0,-61.0,353.0,539.0,222.0,0
-36.0,-258.0,-64.0,365.0,585.0,186.0,0
-38.0,-258.0,-69.0,373.0,624.0,158.0,0
-44.0,-264.0,-72.0,381.0,666.0,124.0,0
-54.0,-265.0,-74.0,388.0,717.0,88.0,0
-58.0,-269.0,-73.0,396.0,772.0,56.0,0
-63.0,-268.0,-74.0,403.0,816.0,31.0,0
-67.0,-273.0,-70.0,418.0,845.0,13.0,0
-74.0,-271.0,-72.0,441.0,868.0,-6.0,0
-75.0,-273.0,-75.0,466.0,885.0,-29.0,0
-76.0,-272.0,-76.0,486.0,897.0,-55.0,0
-80.0,-264.0,-72.0,500.0,914.0,-86.0,0
-79.0,-257.0,-74.0,498.0,934.0,-119.0,0
-75.0,-254.0,-74.0,478.0,951.0,-154.0,0
-71.0,-252.0,-76.0,446.0,968.0,-191.0,0
-72.0,-247.0,-68.0,404.0,971.0,-232.0,0
-72.0,-243.0,-71.0,362.0,963.0,-274.0,0
-67.0,-246.0,-71.0,328.0,945.0,-311.0,0
-68.0,-239.0,-74.0,293.0,921.0,-342.0,0
-74.0,-241.0,-75.0,263.0,889.0,-363.0,0
-71.0,-239.0,-71.0,245.0,848.0,-378.0,0
-80.0,-236.0,-82.0,239.0,797.0,-387.0,0
-84.0,-232.0,-83.0,234.0,738.0,-383.0,0
-88.0,-232.0,-79.0,227.0,674.0,-371.0,0
-94.0,-232.0,-70.0,221.0,602.0,-358.0,0
-92.0,-229.0,-65.0,221.0,529.0,-335.0,0
-94.0,-227.0,-60.0,232.0,463.0,-303.0,0
-94.0,-226.0,-51.0,256.0,398.0,-279.0,0
-94.0,-220.0,-53.0,284.0,337.0,-271.0,0
-91.0,-214.0,-41.0,310.0,285.0,-270.0,0
-87.0,-210.0,-39.0,324.0,237.0,-275.0,0
-87.0,-206.0,-40.0,323.0,190.0,-281.0,0
-78.0,-205.0,-37.0,300.0,146.0,-282.0,0
-73.0,-204.0,-36.0,265.0,109.0,-285.0,0
-66.0,-208.0,-39.0,227.0,77.0,-284.0,0
-59.0,-215.0,-39.0,192.0,53.0,-283.0,0
-52.0,-221.0,-42.0,162.0,41.0,-283.0,0
-53.0,-221.0,-43.0,138.0,37.0,-289.0,0
-44.0,-231.0,-45.0,123.0,36.0,-290.0,0
-42.0,-237.0,-48.0,118.0,30.0,-299.0,0
-38.0,-239.0,-48.0,124.0,27.0,-312.0,0
-36.0,-244.0,-51.0,134.0,27.0,-325.0,0
-29.0,-248.0,-54.0,141.0,29.0,-344.0,0
-23.0,-249.0,-55.0,151.0,33.0,-368.0,0
-18.0,-249.0,-54.0,159.0,46.0,-402.0,0
-14.0,-251.0,-51.0,170.0,73.0,-442.0,0
-12.0,-245.0,-47.0,177.0,113.0,-490.0,0
-8.0,-240.0,-49.0,181.0,161.0,-535.0,0
-3.0,-238.0,-44.0,174.0,211.0,-581.0,0
0.0,-236.0,-48.0,153.0,260.0,-620.0,0
0.0,-238.0,-48.0,126.0,305.0,-647.0,0
-1.0,-236.0,-45.0,98.0,344.0,-661.0,0
-5.0,-241.0,-41.0,86.0,377.0,-664.0,0
-9.0,-242.0,-31.0,86.0,397.0,-657.0,0
-12.0,-247.0,-26.0,102.0,400.0,-643.0,0
-17.0,-255.0,-26.0,133.0,390.0,-623.0,0
-19.0,-257.0,-28.0,175.0,370.0,-600.0,0
-26.0,-260.0,-25.0,221.0,344.0,-577.0,0
-33.0,-257.0,-28.0,270.0,312.0,-554.0,0
-36.0,-259.0,-24.0,307.0,282.0,-526.0,0
-38.0,-262.0,-28.0,326.0,255.0,-497.0,0
-42.0,-262.0,-22.0,336.0,234.0,-476.0,0
-33.0,-267.0,-24.0,350.0,218.0,-455.0,0
-39.0,-266.0,-22.0,371.0,203.0,-435.0,0
-36.0,-268.0,-18.0,384.0,176.0,-414.0,0
-36.0,-265.0,-19.0,390.0,151.0,-392.0,0
-34.0,-263.0,-18.0,393.0,136.0,-364.0,0
-32.0,-261.0,-20.0,390.0,128.0,-343.0,0
-32.0,-258.0,-18.0,393.0,130.0,-320.0,0
-26.0,-259.0,-15.0,406.0,140.0,-299.0,0
-24.0,-259.0,-17.0,415.0,157.0,-285.0,0
-20.0,-256.0,-9.0,428.0,188.0,-273.0,0
-16.0,-256.0,-11.0,450.0,223.0,-272.0,0
-11.0,-258.0,-10.0,472.0,263.0,-283.0,0
-10.0,-255.0,-16.0,497.0,302.0,-302.0,0
-7.0,-254.0,-14.0,521.0,329.0,-320.0,0
-7.0,-251.0,-20.0,536.0,351.0,-331.0,0
-8.0,-246.0,-23.0,544.0,379.0,-346.0,0
-5.0,-241.0,-22.0,540.0,416.0,-370.0,0
0.0,-240.0,-26.0,519.0,455.0,-393.0,0
1.0,-242.0,-25.0,487.0,488.0,-413.0,0
0.0,-240.0,-19.0,454.0,521.0,-435.0,0
-2.0,-235.0,-19.0,439.0,554.0,-432.0,0
2.0,-235.0,-27.0,425.0,583.0,-411.0,0
4.0,-240.0,-24.0,402.0,617.0,-399.0,0
4.0,-240.0,-28.0,372.0,659.0,-406.0,0
9.0,-240.0,-22.0,343.0,713.0,-425.0,0
5.0,-242.0,-24.0,325.0,768.0,-450.0,0
7.0,-243.0,-23.0,308.0,817.0,-463.0,0
9.0,-248.0,-26.0,292.0,855.0,-465.0,0
9.0,-253.0,-30.0,276.0,882.0,-458.0,0
6.0,-255.0,-38.0,249.0,905.0,-452.0,0
10.0,-254.0,-28.0,218.0,924.0,-441.0,0
3.0,-258.0,-35.0,217.0,940.0,-433.0,0
-4.0,-255.0,-38.0,203.0,954.0,-422.0,0
-7.0,-256.0,-35.0,176.0,960.0,-404.0,0
-3.0,-255.0,-26.0,151.0,960.0,-388.0,0
0.0,-253.0,-24.0,141.0,959.0,-385.0,0
-1.0,-254.0,-31.0,147.0,960.0,-389.0,0
-4.0,-251.0,-31.0,147.0,957.0,-397.0,0
-3.0,-250.0,-34.0,133.0,946.0,-400.0,0
-3.0,-252.0,-38.0,102.0,935.0,-395.0,0
-2.0,-251.0,-38.0,74.0,928.0,-396.0,0
-3.0,-253.0,-38.0,49.0,927.0,-406.0,0
-7.0,-250.0,-37.0,31.0,935.0,-420.0,0
-5.0,-251.0,-37.0,14.0,942.0,-426.0,0
-4.0,-250.0,-32.0,-6.0,945.0,-425.0,0
-9.0,-247.0,-35.0,-30.0,938.0,-420.0,0
-9.0,-246.0,-31.0,-58.0,922.0,-410.0,0
-12.0,-249.0,-34.0,-94.0,900.0,-393.0,0
-12.0,-248.0,-38.0,-135.0,883.0,-369.0,0
-5.0,-250.0,-46.0,-179.0,866.0,-342.0,0
-18.0,-251.0,-42.0,-221.0,848.0,-319.0,0
-19.0,-261.0,-48.0,-238.0,843.0,-300.0,0
-23.0,-262.0,-45.0,-231.0,851.0,-281.0,0
-23.0,-269.0,-44.0,-221.0,865.0,-278.0,0
-28.0,-265.0,-49.0,-214.0,882.0,-270.0,0
-23.0,-261.0,-40.0,-201.0,906.0,-277.0,0
-23.0,-269.0,-45.0,-184.0,931.0,-274.0,0
-19.0,-271.0,-43.0,-181.0,944.0,-260.0,0
-21.0,-272.0,-44.0,-170.0,942.0,-239.0,0
-27.0,-271.0,-62.0,-152.0,934.0,-213.0,0
-25.0,-278.0,-59.0,-133.0,914.0,-178.0,0
-28.0,-282.0,-57.0,-118.0,873.0,-136.0,0
-33.0,-274.0,-59.0,-102.0,830.0,-108.0,0
-36.0,-274.0,-63.0,-87.0,792.0,-84.0,0
-41.0,-274.0,-63.0,-70.0,753.0,-59.0,0
-38.0,-273.0,-62.0,-48.0,712.0,-46.0,0
-38.0,-268.0,-59.0,-23.0,668.0,-42.0,0
-34.0,-261.0,-58.0,-5.0,629.0,-50.0,0
-28.0,-258.0,-58.0,-1.0,600.0,-64.0,0
-20.0,-259.0,-55.0,-14.0,587.0,-84.0,0
-15.0,-259.0,-42.0,-38.0,589.0,-109.0,0
-13.0,-259.0,-44.0,-62.0,595.0,-130.0,0
-14.0,-267.0,-47.0,-76.0,599.0,-146.0,0
-14.0,-271.0,-46.0,-85.0,592.0,-160.0,0
-16.0,-271.0,-42.0,-94.0,576.0,-167.0,0
-16.0,-277.0,-49.0,-107.0,554.0,-168.0,0
-16.0,-283.0,-45.0,-120.0,532.0,-164.0,0
-10.0,-284.0,-44.0,-129.0,514.0,-153.0,0
-7.0,-290.0,-39.0,-134.0,507.0,-143.0,0
-1.0,-290.0,-36.0,-130.0,513.0,-132.0,0
4.0,-290.0,-38.0,-116.0,531.0,-130.0,0
11.0,-287.0,-37.0,-93.0,559.0,-138.0,0
21.0,-277.0,-36.0,-65.0,600.0,-156.0,0
34.0,-273.0,-33.0,-41.0,653.0,-178.0,0
47.0,-264.0,-39.0,-22.0,716.0,-207.0,0
60.0,-258.0,-37.0,-10.0,784.0,-239.0,0
68.0,-248.0,-35.0,-2.0,852.0,-275.0,0
79.0,-243.0,-36.0,-2.0,917.0,-312.0,0
92.0,-240.0,-32.0,-5.0,976.0,-351.0,0
89.0,-237.0,-39.0,-16.0,1032.0,-387.0,0
78.0,-239.0,-37.0,-36.0,1074.0,-410.0,0
74.0,-244.0,-36.0,-58.0,1099.0,-416.0,0
65.0,-248.0,-36.0,-86.0,1102.0,-409.0,0
57.0,-256.0,-36.0,-110.0,1089.0,-390.0,0
52.0,-259.0,-34.0,-133.0,1066.0,-362.0,0
43.0,-265.0,-35.0,-147.0,1038.0,-332.0,0
34.0,-269.0,-37.0,-153.0,1011.0,-305.0,0
29.0,-275.0,-39.0,-150.0,989.0,-279.0,0
24.0,-274.0,-36.0,-146.0,968.0,-252.0,0
16.0,-275.0,-36.0,-134.0,951.0,-224.0,0
13.0,-273.0,-33.0,-116.0,933.0,-196.0,0
8.0,-271.0,-38.0,-105.0,913.0,-166.0,0
7.0,-271.0,-35.0,-98.0,893.0,-132.0,0
4.0,-268.0,-34.0,-91.0,870.0,-101.0,0
4.0,-264.0,-35.0,-79.0,840.0,-74.0,0
7.0,-264.0,-33.0,-67.0,811.0,-51.0,0
13.0,-260.0,-32.0,-53.0,784.0,-32.0,0
15.0,-260.0,-30.0,-40.0,765.0,-20.0,0
24.0,-259.0,-30.0,-23.0,751.0,-15.0,0
34.0,-258.0,-29.0,-10.0,743.0,-20.0,0
38.0,-257.0,-31.0,5.0,742.0,-28.0,0
40.0,-257.0,-28.0,18.0,741.0,-38.0,0
45.0,-256.0,-29.0,30.0,741.0,-45.0,0
50.0,-255.0,-34.0,36.0,742.0,-55.0,0
54.0,-255.0,-37.0,42.0,750.0,-66.0,0
57.0,-254.0,-38.0,44.0,760.0,-78.0,0
57.0,-254.0,-40.0,49.0,768.0,-90.0,0
61.0,-255.0,-42.0,50.0,772.0,-101.0,0
54.0,-255.0,-33.0,52.0,772.0,-110.0,0
55.0,-257.0,-36.0,55.0,771.0,-118.0,0
56.0,-259.0,-37.0,59.0,768.0,-122.0,0
50.0,-257.0,-32.0,67.0,764.0,-123.0,0
52.0,-256.0,-30.0,79.0,760.0,-120.0,0
54.0,-256.0,-32.0,89.0,755.0,-111.0,0
50.0,-257.0,-31.0,102.0,746.0,-103.0,0
50.0,-259.0,-29.0,114.0,732.0,-94.0,0
49.0,-258.0,-31.0,122.0,716.0,-81.0,0
41.0,-254.0,-32.0,130.0,694.0,-68.0,0
37.0,-258.0,-31.0,131.0,664.0,-50.0,0
33.0,-261.0,-31.0,120.0,629.0,-27.0,0
28.0,-267.0,-32.0,101.0,591.0,-11.0,0
29.0,-276.0,-37.0,87.0,566.0,-4.0,0
27.0,-282.0,-44.0,82.0,551.0,-1.0,0
29.0,-281.0,-47.0,88.0,543.0,-4.0,0
29.0,-280.0,-43.0,105.0,537.0,-8.0,0
27.0,-277.0,-42.0,120.0,521.0,-10.0,0
26.0,-276.0,-42.0,130.0,499.0,-12.0,0
21.0,-271.0,-39.0,128.0,476.0,-11.0,0
19.0,-268.0,-36.0,122.0,459.0,-9.0,0
17.0,-272.0,-33.0,121.0,447.0,-8.0,0
14.0,-271.0,-33.0,129.0,435.0,-9.0,0
16.0,-273.0,-31.0,143.0,425.0,-16.0,0
10.0,-273.0,-31.0,161.0,412.0,-21.0,0
10.0,-276.0,-32.0,180.0,397.0,-28.0,0
3.0,-274.0,-30.0,200.0,380.0,-34.0,0
5.0,-276.0,-30.0,219.0,363.0,-38.0,0
3.0,-278.0,-30.0,233.0,347.0,-45.0,0
2.0,-273.0,-25.0,248.0,336.0,-51.0,0
2.0,-270.0,-29.0,264.0,329.0,-57.0,0
1.0,-271.0,-28.0,279.0,321.0,-62.0,0
1.0,-266.0,-31.0,286.0,311.0,-62.0,0
1.0,-265.0,-30.0,290.0,299.0,-63.0,0
-2.0,-260.0,-31.0,280.0,285.0,-60.0,0
0.0,-255.0,-30.0,272.0,262.0,-54.0,0
-2.0,-256.0,-32.0,258.0,232.0,-46.0,0
1.0,-252.0,-29.0,243.0,203.0,-40.0,0
0.0,-253.0,-32.0,230.0,179.0,-37.0,0
0.0,-243.0,-31.0,217.0,158.0,-35.0,0
4.0,-244.0,-29.0,201.0,142.0,-30.0,0
5.0,-243.0,-29.0,181.0,125.0,-26.0,0
6.0,-242.0,-19.0,157.0,110.0,-24.0,0
12.0,-245.0,-20.0,133.0,96.0,-18.0,0
13.0,-241.0,-17.0,106.0,85.0,-10.0,0
15.0,-247.0,-17.0,81.0,82.0,-2.0,0
11.0,-249.0,-16.0,55.0,79.0,4.0,0
15.0,-254.0,-19.0,33.0,73.0,10.0,0
15.0,-257.0,-16.0,15.0,69.0,13.0,0
15.0,-261.0,-15.0,2.0,65.0,13.0,0
17.0,-265.0,-15.0,-4.0,63.0,7.0,0
15.0,-266.0,-13.0,-4.0,63.0,-1.0,0
15.0,-268.0,-14.0,0.0,68.0,-13.0,0
18.0,-267.0,-16.0,10.0,77.0,-27.0,0
19.0,-266.0,-10.0,26.0,88.0,-39.0,0
18.0,-262.0,-15.0,46.0,100.0,-50.0,0
23.0,-263.0,-16.0,61.0,111.0,-61.0,0
21.0,-257.0,-20.0,69.0,120.0,-68.0,0
19.0,-256.0,-21.0,71.0,128.0,-72.0,0
19.0,-254.0,-20.0,68.0,135.0,-76.0,0
18.0,-253.0,-22.0,58.0,139.0,-77.0,0
16.0,-254.0,-20.0,46.0,142.0,-79.0,0
13.0,-252.0,-20.0,35.0,143.0,-80.0,0
6.0,-250.0,-17.0,28.0,143.0,-81.0,0
5.0,-251.0,-18.0,17.0,144.0,-76.0,0
7.0,-256.0,-14.0,11.0,138.0,-71.0,0
1.0,-256.0,-17.0,4.0,129.0,-67.0,0
2.0,-256.0,-16.0,1.0,120.0,-63.0,0
0.0,-256.0,-18.0,-1.0,111.0,-59.0,0
1.0,-256.0,-20.0,0.0,101.0,-55.0,0
1.0,-253.0,-19.0,-3.0,94.0,-51.0,0
2.0,-255.0,-18.0,-8.0,88.0,-46.0,0
1.0,-255.0,-23.0,-16.0,84.0,-41.0,0
3.0,-256.0,-18.0,-24.0,80.0,-39.0,0
2.0,-256.0,-15.0,-28.0,75.0,-37.0,0
1.0,-260.0,-16.0,-26.0,67.0,-35.0,0
4.0,-261.0,-11.0,-22.0,57.0,-30.0,0
2.0,-263.0,-11.0,-16.0,45.0,-28.0,0
3.0,-262.0,-14.0,-7.0,32.0,-26.0,0
1.0,-263.0,-11.0,3.0,20.0,-21.0,0
0.0,-261.0,-11.0,8.0,8.0,-19.0,0
0.0,-260.0,-13.0,10.0,-4.0,-15.0,0
0.0,-263.0,-14.0,8.0,-16.0,-10.0,0
0.0,-257.0,-12.0,6.0,-27.0,-5.0,0
-2.0,-259.0,-15.0,3.0,-37.0,-3.0,0
0.0,-259.0,-17.0,-1.0,-47.0,-1.0,0
0.0,-258.0,-17.0,-8.0,-57.0,-1.0,0
0.0,-263.0,-14.0,-14.0,-66.0,0.0,0
0.0,-262.0,-12.0,-19.0,-71.0,-2.0,0
0.0,-264.0,-14.0,-20.0,-77.0,-4.0,0
1.0,-263.0,-15.0,-15.0,-79.0,-6.0,0
4.0,-266.0,-14.0,-3.0,-80.0,-8.0,0
3.0,-265.0,-16.0,14.0,-80.0,-13.0,0
6.0,-265.0,-14.0,27.0,-80.0,-15.0,0
8.0,-266.0,-17.0,37.0,-81.0,-14.0,0
6.0,-257.0,-16.0,38.0,-82.0,-12.0,0
8.0,-257.0,-18.0,33.0,-84.0,-9.0,0
7.0,-257.0,-19.0,26.0,-87.0,-5.0,0
10.0,-259.0,-17.0,18.0,-91.0,-1.0,0
7.0,-259.0,-17.0,11.0,-98.0,3.0,0
7.0,-261.0,-14.0,8.0,-107.0,5.0,0
7.0,-262.0,-11.0,13.0,-117.0,4.0,0
7.0,-264.0,-10.0,15.0,-122.0,7.0,0
-11.0,-264.0,-11.0,24.0,-126.0,10.0,0
3.0,-262.0,-15.0,33.0,-130.0,12.0,0
7.0,-260.0,-14.0,43.0,-131.0,12.0,0
9.0,-256.0,-14.0,54.0,-130.0,9.0,0
7.0,-255.0,-13.0,60.0,-130.0,3.0,0
7.0,-252.0,-11.0,56.0,-129.0,-2.0,0
7.0,-256.0,-17.0,49.0,-130.0,-4.0,0
12.0,-260.0,-12.0,37.0,-133.0,-4.0,0
6.0,-258.0,-7.0,23.0,-136.0,-4.0,0
8.0,-260.0,-11.0,14.0,-139.0,-5.0,0
6.0,-265.0,-9.0,11.0,-138.0,-3.0,0
5.0,-269.0,-16.0,14.0,-135.0,1.0,0
11.0,-264.0,-13.0,24.0,-136.0,6.0,0
10.0,-266.0,-11.0,33.0,-133.0,10.0,0
9.0,-260.0,-12.0,43.0,-132.0,20.0,0
8.0,-262.0,-13.0,49.0,-132.0,29.0,0
8.0,-256.0,-17.0,52.0,-133.0,43.0,0
5.0,-256.0,-14.0,50.0,-134.0,53.0,0
5.0,-255.0,-11.0,42.0,-134.0,56.0,0
7.0,-256.0,-16.0,31.0,-136.0,56.0,0
10.0,-256.0,-11.0,16.0,-138.0,58.0,0
9.0,-255.0,-11.0,3.0,-139.0,54.0,0
13.0,-257.0,-11.0,-4.0,-139.0,53.0,0
10.0,-255.0,-11.0,-10.0,-143.0,51.0,0
20.0,-238.0,-7.0,-9.0,-145.0,45.0,0
16.0,-255.0,-4.0,-10.0,-142.0,41.0,0
16.0,-256.0,-8.0,-9.0,-141.0,36.0,0
15.0,-257.0,-5.0,-3.0,-137.0,27.0,0
25.0,-259.0,-8.0,2.0,-132.0,17.0,0
16.0,-258.0,-8.0,2.0,-128.0,12.0,0
14.0,-259.0,-8.0,-3.0,-126.0,10.0,0
18.0,-264.0,-12.0,-5.0,-126.0,14.0,0
13.0,-266.0,-8.0,-6.0,-124.0,22.0,0
11.0,-265.0,-7.0,1.0,-125.0,30.0,0
11.0,-265.0,-15.0,9.0,-128.0,34.0,0
10.0,-267.0,-13.0,20.0,-131.0,41.0,0
12.0,-262.0,-15.0,24.0,-135.0,46.0,0
12.0,-265.0,-15.0,25.0,-138.0,50.0,0
14.0,-265.0,-11.0,26.0,-137.0,51.0,0
12.0,-261.0,-9.0,24.0,-134.0,48.0,0
16.0,-259.0,-7.0,29.0,-130.0,46.0,0
19.0,-277.0,-28.0,33.0,-126.0,40.0,0
15.0,-256.0,-6.0,35.0,-121.0,37.0,0
15.0,-256.0,-9.0,38.0,-116.0,40.0,0
15.0,-252.0,-7.0,38.0,-112.0,36.0,0
19.0,-254.0,-5.0,30.0,-111.0,32.0,0
11.0,-249.0,-12.0,18.0,-110.0,28.0,0
18.0,-254.0,-9.0,6.0,-107.0,21.0,0
20.0,-255.0,-5.0,-3.0,-103.0,16.0,0
21.0,-257.0,-8.0,-8.0,-99.0,13.0,0
21.0,-257.0,-5.0,-12.0,-96.0,9.0,0
18.0,-259.0,-8.0,-13.0,-98.0,9.0,0
19.0,-264.0,-6.0,-13.0,-97.0,10.0,0
20.0,-266.0,-3.0,-12.0,-95.0,10.0,0
15.0,-263.0,-4.0,-10.0,-93.0,10.0,0
20.0,-255.0,-19.0,-5.0,-87.0,7.0,0
19.0,-263.0,-4.0,-1.0,-79.0,6.0,0
17.0,-262.0,-8.0,3.0,-69.0,5.0,0
18.0,-258.0,-5.0,10.0,-58.0,0.0,0
18.0,-260.0,-7.0,14.0,-49.0,-3.0,0
17.0,-260.0,-7.0,16.0,-45.0,-8.0,0
18.0,-262.0,-8.0,16.0,-41.0,-14.0,0
19.0,-265.0,-4.0,13.0,-40.0,-21.0,0
19.0,-262.0,-5.0,10.0,-39.0,-26.0,0
23.0,-258.0,-6.0,23.0,-34.0,-19.0,0
18.0,-262.0,-7.0,35.0,-30.0,-13.0,0
19.0,-256.0,-7.0,34.0,-26.0,-13.0,0
23.0,-258.0,-8.0,32.0,-22.0,-11.0,0
18.0,-256.0,-9.0,28.0,-18.0,-9.0,0
17.0,-259.0,-8.0,22.0,-14.0,-14.0,0
15.0,-259.0,-8.0,15.0,-10.0,-17.0,0
17.0,-256.0,-8.0,9.0,-5.0,-16.0,0
16.0,-257.0,-6.0,5.0,-2.0,-15.0,0
15.0,-257.0,-4.0,1.0,2.0,-15.0,0
19.0,-258.0,-9.0,-5.0,7.0,-18.0,0
19.0,-261.0,-10.0,-9.0,12.0,-20.0,0
18.0,-256.0,-9.0,-14.0,17.0,-20.0,0
20.0,-262.0,-7.0,-20.0,22.0,-22.0,0
15.0,-259.0,-9.0,-25.0,28.0,-20.0,0
21.0,-259.0,-9.0,-28.0,33.0,-20.0,0
24.0,-260.0,-8.0,-26.0,38.0,-19.0,0
18.0,-260.0,-9.0,-28.0,44.0,-19.0,0
19.0,-260.0,-12.0,-32.0,49.0,-19.0,0
19.0,-259.0,-11.0,-35.0,52.0,-22.0,0
19.0,-257.0,-12.0,-39.0,56.0,-24.0,0
20.0,-257.0,-12.0,-40.0,62.0,-25.0,0
21.0,-256.0,-13.0,-44.0,68.0,-28.0,0
21.0,-256.0,-10.0,-47.0,73.0,-30.0,0
19.0,-256.0,-14.0,-50.0,78.0,-31.0,0
20.0,-255.0,-12.0,-54.0,83.0,-32.0,0
22.0,-258.0,-8.0,-59.0,85.0,-31.0,0
16.0,-259.0,-7.0,-61.0,89.0,-32.0,0
20.0,-262.0,-4.0,-62.0,92.0,-31.0,0
17.0,-260.0,-9.0,-61.0,95.0,-32.0,0
20.0,-261.0,-7.0,-55.0,95.0,-34.0,0
16.0,-260.0,-6.0,-51.0,98.0,-33.0,0
16.0,-261.0,-7.0,-47.0,99.0,-33.0,0
16.0,-260.0,-9.0,-46.0,100.0,-33.0,0
15.0,-260.0,-6.0,-45.0,101.0,-32.0,0
17.0,-260.0,-9.0,-47.0,100.0,-34.0,0
16.0,-258.0,-7.0,-51.0,101.0,-32.0,0
12.0,-256.0,-9.0,-55.0,100.0,-33.0,0
21.0,-270.0,-1.0,-60.0,98.0,-31.0,0
14.0,-257.0,-7.0,-64.0,97.0,-32.0,0
12.0,-257.0,-6.0,-66.0,94.0,-32.0,0
16.0,-261.0,-12.0,-66.0,93.0,-34.0,0
16.0,-262.0,-3.0,-69.0,91.0,-35.0,0
13.0,-259.0,-7.0,-71.0,91.0,-37.0,0
15.0,-262.0,-7.0,-72.0,92.0,-38.0,0
16.0,-263.0,-12.0,-70.0,92.0,-43.0,0
11.0,-263.0,-16.0,-70.0,93.0,-44.0,0
15.0,-261.0,-9.0,-67.0,94.0,-47.0,0
13.0,-262.0,-12.0,-68.0,94.0,-48.0,0
14.0,-264.0,-8.0,-66.0,92.0,-46.0,0
16.0,-262.0,-2.0,-59.0,89.0,-47.0,0
14.0,-259.0,-3.0,-49.0,87.0,-48.0,0
11.0,-261.0,-7.0,-43.0,87.0,-52.0,0
16.0,-260.0,-6.0,-42.0,84.0,-51.0,0
12.0,-258.0,-7.0,-43.0,83.0,-52.0,0
12.0,-259.0,-10.0,-44.0,83.0,-50.0,0
9.0,-258.0,-11.0,-48.0,81.0,-46.0,0
13.0,-260.0,-7.0,-49.0,78.0,-44.0,0
14.0,-257.0,-11.0,-50.0,76.0,-42.0,0
13.0,-256.0,-9.0,-51.0,74.0,-41.0,0
11.0,-254.0,-6.0,-55.0,73.0,-39.0,0
13.0,-258.0,-13.0,-58.0,71.0,-38.0,0
13.0,-259.0,-6.0,-63.0,70.0,-36.0,0
15.0,-257.0,-11.0,-64.0,70.0,-34.0,0
14.0,-257.0,-11.0,-64.0,68.0,-33.0,0
16.0,-259.0,-8.0,-66.0,68.0,-31.0,0
18.0,-260.0,-5.0,-65.0,67.0,-32.0,0
15.0,-262.0,-11.0,-66.0,68.0,-33.0,0
15.0,-261.0,-8.0,-64.0,68.0,-32.0,0
16.0,-263.0,-8.0,-57.0,68.0,-31.0,0
13.0,-264.0,-9.0,-49.0,69.0,-30.0,0
14.0,-263.0,-8.0,-39.0,70.0,-31.0,0
15.0,-263.0,-9.0,-34.0,72.0,-33.0,0
12.0,-261.0,-10.0,-32.0,71.0,-32.0,0
16.0,-257.0,-11.0,-36.0,68.0,-31.0,0
11.0,-254.0,-10.0,-39.0,65.0,-30.0,0
10.0,-256.0,-9.0,-43.0,62.0,-27.0,0
13.0,-258.0,-8.0,-45.0,60.0,-26.0,0
13.0,-259.0,-9.0,-46.0,56.0,-25.0,0
12.0,-261.0,-5.0,-45.0,56.0,-25.0,0
12.0,-261.0,-3.0,-44.0,56.0,-25.0,0
13.0,-259.0,-7.0,-44.0,57.0,-24.0,0
12.0,-260.0,-5.0,-43.0,57.0,-23.0,0
11.0,-260.0,-1.0,-39.0,58.0,-21.0,0
12.0,-260.0,-3.0,-34.0,56.0,-19.0,0
9.0,-258.0,-7.0,-31.0,54.0,-17.0,0
10.0,-257.0,-8.0,-31.0,50.0,-14.0,0
12.0,-258.0,-11.0,-35.0,48.0,-12.0,0
11.0,-256.0,-8.0,-41.0,46.0,-9.0,0
9.0,-259.0,-8.0,-49.0,45.0,-8.0,0
11.0,-258.0,-9.0,-52.0,41.0,-8.0,0
10.0,-258.0,-12.0,-52.0,40.0,-8.0,0
13.0,-260.0,-10.0,-48.0,36.0,-7.0,0
12.0,-259.0,-11.0,-46.0,35.0,-7.0,0
13.0,-260.0,-8.0,-48.0,32.0,-7.0,0
14.0,-258.0,-15.0,-61.0,29.0,-7.0,0
11.0,-256.0,-13.0,-76.0,27.0,-6.0,0
15.0,-257.0,-9.0,-87.0,28.0,-7.0,0
14.0,-259.0,-12.0,-94.0,29.0,-9.0,0
12.0,-258.0,-5.0,-94.0,32.0,-11.0,0
11.0,-260.0,1.0,-91.0,35.0,-11.0,0
10.0,-259.0,-7.0,-85.0,37.0,-13.0,0
14.0,-262.0,-3.0,-79.0,35.0,-12.0,0
16.0,-262.0,-5.0,-72.0,37.0,-10.0,0
15.0,-257.0,-6.0,-66.0,35.0,-10.0,0
12.0,-257.0,-4.0,-63.0,32.0,-7.0,0
17.0,-260.0,-7.0,-61.0,28.0,-7.0,0
12.0,-256.0,-4.0,-60.0,23.0,-5.0,0
15.0,-260.0,-9.0,-63.0,18.0,-2.0,0
10.0,-258.0,-7.0,-62.0,16.0,-1.0,0
15.0,-257.0,-4.0,-61.0,12.0,1.0,0
16.0,-258.0,-9.0,-62.0,10.0,4.0,0
15.0,-261.0,-5.0,-64.0,9.0,5.0,0
14.0,-259.0,-11.0,-66.0,8.0,5.0,0
16.0,-259.0,-9.0,-69.0,7.0,4.0,0
15.0,-259.0,-8.0,-69.0,8.0,5.0,0
15.0,-259.0,-6.0,-71.0,10.0,5.0,0
11.0,-259.0,-11.0,-72.0,13.0,4.0,0
12.0,-259.0,-7.0,-75.0,12.0,4.0,0
13.0,-261.0,-9.0,-77.0,12.0,5.0,0
8.0,-262.0,-6.0,-80.0,11.0,3.0,0
19.0,-259.0,-8.0,-86.0,8.0,4.0,0
12.0,-256.0,-6.0,-92.0,9.0,4.0,0
14.0,-256.0,-7.0,-97.0,9.0,5.0,0
14.0,-256.0,-3.0,-99.0,9.0,4.0,0
15.0,-257.0,-8.0,-100.0,10.0,3.0,0
13.0,-257.0,-6.0,-100.0,12.0,2.0,0
13.0,-257.0,-10.0,-96.0,13.0,2.0,0
16.0,-261.0,-5.0,-95.0,15.0,2.0,0
17.0,-263.0,-3.0,-92.0,17.0,1.0,0
16.0,-259.0,-4.0,-93.0,17.0,0.0,0
21.0,-265.0,-16.0,-94.0,16.0,0.0,0
21.0,-262.0,-8.0,-95.0,15.0,1.0,0
15.0,-258.0,-4.0,-95.0,9.0,3.0,0
14.0,-260.0,-9.0,-93.0,6.0,4.0,0
15.0,-261.0,-5.0,-91.0,4.0,6.0,0
14.0,-262.0,-9.0,-89.0,2.0,7.0,0
16.0,-259.0,-4.0,-90.0,2.0,6.0,0
17.0,-259.0,-6.0,-92.0,3.0,5.0,0
18.0,-259.0,-5.0,-94.0,6.0,4.0,0
15.0,-258.0,-8.0,-92.0,11.0,3.0,0
18.0,-258.0,-1.0,-93.0,14.0,1.0,0
16.0,-257.0,-6.0,-94.0,15.0,-1.0,0
15.0,-256.0,-10.0,-96.0,15.0,0.0,0
16.0,-260.0,-11.0,-98.0,13.0,2.0,0
16.0,-256.0,-8.0,-101.0,9.0,2.0,0
16.0,-257.0,-9.0,-106.0,7.0,3.0,0
18.0,-256.0,-5.0,-111.0,6.0,3.0,0
19.0,-260.0,-8.0,-114.0,5.0,2.0,0
22.0,-261.0,-7.0,-117.0,5.0,2.0,0
21.0,-261.0,-7.0,-116.0,5.0,1.0,0
20.0,-258.0,-6.0,-118.0,5.0,0.0,0
17.0,-259.0,-5.0,-117.0,8.0,-2.0,0
21.0,-261.0,-8.0,-115.0,11.0,-3.0,0
18.0,-263.0,-8.0,-111.0,16.0,-5.0,0
21.0,-264.0,-7.0,-106.0,18.0,-6.0,0
23.0,-261.0,-3.0,-97.0,22.0,-5.0,0
17.0,-261.0,-8.0,-91.0,21.0,-5.0,0
20.0,-261.0,-9.0,-88.0,21.0,-4.0,0
17.0,-259.0,-7.0,-86.0,18.0,-4.0,0
18.0,-259.0,-6.0,-86.0,16.0,-4.0,0
16.0,-258.0,-7.0,-86.0,14.0,-5.0,0
21.0,-262.0,-10.0,-84.0,12.0,-5.0,0
16.0,-259.0,-13.0,-84.0,9.0,-7.0,0
17.0,-261.0,-8.0,-81.0,8.0,-8.0,0
20.0,-261.0,-9.0,-80.0,8.0,-8.0,0
16.0,-264.0,-13.0,-73.0,9.0,-10.0,0
17.0,-262.0,-9.0,-71.0,10.0,-11.0,0
18.0,-260.0,-9.0,-67.0,12.0,-14.0,0
18.0,-260.0,-7.0,-67.0,14.0,-16.0,0
17.0,-259.0,-7.0,-68.0,14.0,-16.0,0
19.0,-258.0,-8.0,-71.0,14.0,-16.0,0
17.0,-261.0,-8.0,-74.0,14.0,-15.0,0
21.0,-259.0,-12.0,-76.0,12.0,-16.0,0
18.0,-257.0,-9.0,-79.0,10.0,-15.0,0
19.0,-258.0,-3.0,-81.0,8.0,-13.0,0
19.0,-260.0,-6.0,-80.0,7.0,-14.0,0
18.0,-258.0,-9.0,-77.0,6.0,-13.0,0
19.0,-257.0,-10.0,-77.0,8.0,-13.0,0
17.0,-257.0,-9.0,-76.0,9.0,-13.0,0
20.0,-259.0,-9.0,-73.0,12.0,-13.0,0
19.0,-258.0,-6.0,-72.0,12.0,-11.0,0
19.0,-258.0,-9.0,-75.0,13.0,-10.0,0
18.0,-258.0,-11.0,-78.0,15.0,-11.0,0
17.0,-259.0,-12.0,-80.0,17.0,-11.0,0
19.0,-260.0,-12.0,-79.0,18.0,-12.0,0
19.0,-260.0,-10.0,-77.0,19.0,-14.0,0
18.0,-261.0,-14.0,-74.0,20.0,-15.0,0
17.0,-259.0,-12.0,-73.0,20.0,-15.0,0
19.0,-260.0,-10.0,-74.0,21.0,-15.0,0
15.0,-260.0,-13.0,-74.0,21.0,-16.0,0
17.0,-259.0,-9.0,-75.0,23.0,-16.0,0
16.0,-259.0,-16.0,-74.0,24.0,-15.0,0
20.0,-263.0,-9.0,-72.0,27.0,-17.0,0
17.0,-262.0,-10.0,-67.0,29.0,-17.0,0
17.0,-261.0,-12.0,-63.0,32.0,-19.0,0
18.0,-259.0,-13.0,-61.0,33.0,-18.0,0
20.0,-259.0,-11.0,-63.0,32.0,-18.0,0
21.0,-258.0,-10.0,-64.0,31.0,-16.0,0
19.0,-258.0,-7.0,-65.0,30.0,-14.0,0
18.0,-258.0,-13.0,-68.0,31.0,-13.0,0
19.0,-260.0,-10.0,-67.0,31.0,-14.0,0
21.0,-257.0,-13.0,-65.0,33.0,-15.0,0
19.0,-262.0,-13.0,-65.0,35.0,-15.0,0
18.0,-258.0,-11.0,-62.0,35.0,-14.0,0
18.0,-259.0,-12.0,-63.0,36.0,-14.0,0
19.0,-260.0,-7.0,-61.0,36.0,-13.0,0
19.0,-258.0,-10.0,-61.0,37.0,-11.0,0
19.0,-260.0,-15.0,-60.0,37.0,-11.0,0
17.0,-258.0,-14.0,-62.0,36.0,-10.0,0
18.0,-258.0,-9.0,-61.0,34.0,-10.0,0
19.0,-260.0,-10.0,-60.0,33.0,-10.0,0
19.0,-262.0,-11.0,-57.0,34.0,-8.0,0
16.0,-261.0,-12.0,-54.0,35.0,-9.0,0
19.0,-261.0,-14.0,-49.0,38.0,-11.0,0
20.0,-264.0,-12.0,-44.0,42.0,-11.0,0
16.0,-259.0,-16.0,-44.0,46.0,-13.0,0
16.0,-259.0,-18.0,-47.0,46.0,-13.0,0
16.0,-258.0,-10.0,-56.0,47.0,-13.0,0
19.0,-258.0,-10.0,-65.0,48.0,-13.0,0
17.0,-258.0,-13.0,-70.0,50.0,-15.0,0
14.0,-258.0,-17.0,-70.0,54.0,-16.0,0
18.0,-258.0,-9.0,-67.0,57.0,-19.0,0
19.0,-261.0,-10.0,-63.0,56.0,-17.0,0
18.0,-257.0,-12.0,-60.0,55.0,-17.0,0
17.0,-260.0,-13.0,-56.0,53.0,-17.0,0
17.0,-258.0,-9.0,-55.0,50.0,-16.0,0
17.0,-258.0,-12.0,-54.0,47.0,-15.0,0
17.0,-259.0,-8.0,-53.0,47.0,-15.0,0
18.0,-258.0,-13.0,-56.0,49.0,-14.0,0
16.0,-260.0,-11.0,-57.0,47.0,-15.0,0
18.0,-259.0,-14.0,-57.0,47.0,-14.0,0
16.0,-257.0,-14.0,-60.0,45.0,-12.0,0
18.0,-258.0,-13.0,-63.0,43.0,-10.0,0
16.0,-258.0,-14.0,-66.0,42.0,-10.0,0
16.0,-259.0,-11.0,-69.0,39.0,-9.0,0
17.0,-260.0,-15.0,-70.0,39.0,-8.0,0
17.0,-260.0,-15.0,-72.0,39.0,-9.0,0
17.0,-261.0,-14.0,-70.0,37.0,-9.0,0
16.0,-263.0,-13.0,-65.0,37.0,-12.0,0
18.0,-260.0,-15.0,-61.0,36.0,-13.0,0
16.0,-261.0,-8.0,-57.0,35.0,-12.0,0
15.0,-263.0,-12.0,-56.0,34.0,-14.0,0
17.0,-263.0,-11.0,-54.0,33.0,-14.0,0
18.0,-259.0,-11.0,-52.0,34.0,-15.0,0
16.0,-260.0,-17.0,-49.0,33.0,-14.0,0
16.0,-261.0,-16.0,-50.0,31.0,-14.0,0
13.0,-259.0,-15.0,-50.0,28.0,-13.0,0
16.0,-260.0,-16.0,-56.0,26.0,-12.0,0
16.0,-257.0,-13.0,-60.0,25.0,-11.0,0
16.0,-260.0,-14.0,-63.0,24.0,-9.0,0
18.0,-258.0,-13.0,-66.0,23.0,-10.0,0
18.0,-257.0,-16.0,-66.0,23.0,-8.0,0
18.0,-258.0,-13.0,-67.0,24.0,-6.0,0
16.0,-259.0,-10.0,-66.0,24.0,-7.0,0
17.0,-260.0,-14.0,-66.0,23.0,-6.0,0
15.0,-258.0,-13.0,-70.0,22.0,-5.0,0
18.0,-259.0,-10.0,-70.0,19.0,-3.0,0
14.0,-259.0,-13.0,-70.0,16.0,-3.0,0
19.0,-262.0,-12.0,-69.0,15.0,-4.0,0
18.0,-260.0,-17.0,-68.0,16.0,-5.0,0
15.0,-259.0,-15.0,-67.0,16.0,-6.0,0
15.0,-258.0,-11.0,-65.0,16.0,-5.0,0
16.0,-259.0,-14.0,-63.0,16.0,-6.0,0
14.0,-260.0,-16.0,-61.0,16.0,-5.0,0
14.0,-258.0,-13.0,-62.0,16.0,-7.0,0
15.0,-257.0,-12.0,-62.0,16.0,-7.0,0
18.0,-263.0,-13.0,-60.0,16.0,-8.0,0
18.0,-260.0,-16.0,-57.0,14.0,-7.0,0
16.0,-259.0,-15.0,-56.0,16.0,-5.0,0
19.0,-260.0,-12.0,-54.0,15.0,-5.0,0
16.0,-257.0,-14.0,-55.0,14.0,-4.0,0
16.0,-263.0,-12.0,-56.0,14.0,-4.0,0
16.0,-260.0,-11.0,-56.0,13.0,-2.0,0
13.0,-258.0,-13.0,-58.0,11.0,-3.0,0
17.0,-257.0,-11.0,-57.0,10.0,-3.0,0
16.0,-261.0,-14.0,-56.0,9.0,-3.0,0
16.0,-261.0,-16.0,-57.0,11.0,-2.0,0
14.0,-261.0,-23.0,-58.0,12.0,-5.0,0
18.0,-262.0,-12.0,-59.0,11.0,-4.0,0
17.0,-259.0,-14.0,-58.0,11.0,-6.0,0
14.0,-259.0,-15.0,-57.0,12.0,-7.0,0
18.0,-259.0,-17.0,-57.0,13.0,-7.0,0
13.0,-258.0,-8.0,-56.0,13.0,-7.0,0
17.0,-260.0,-12.0,-54.0,13.0,-7.0,0
14.0,-257.0,-13.0,-55.0,14.0,-7.0,0
17.0,-257.0,-18.0,-54.0,16.0,-6.0,0
15.0,-258.0,-14.0,-53.0,15.0,-7.0,0
18.0,-259.0,-9.0,-52.0,15.0,-4.0,0
16.0,-260.0,-12.0,-52.0,13.0,-2.0,0
15.0,-257.0,-11.0,-52.0,11.0,-2.0,0
15.0,-260.0,-14.0,-50.0,8.0,0.0,0
18.0,-261.0,-11.0,-53.0,7.0,1.0,0
16.0,-260.0,-11.0,-50.0,6.0,0.0,0
18.0,-248.0,-28.0,-52.0,5.0,1.0,0
15.0,-258.0,-13.0,-50.0,5.0,-1.0,0
17.0,-266.0,-14.0,-49.0,5.0,0.0,0
19.0,-263.0,-14.0,-51.0,6.0,0.0,0
18.0,-258.0,-17.0,-53.0,8.0,-1.0,0
18.0,-257.0,-12.0,-53.0,10.0,-1.0,0
17.0,-260.0,-14.0,-53.0,10.0,-2.0,0
14.0,-259.0,-11.0,-53.0,10.0,-2.0,0
18.0,-261.0,-13.0,-52.0,12.0,-2.0,0
14.0,-258.0,-13.0,-53.0,11.0,-2.0,0
16.0,-262.0,-13.0,-53.0,12.0,-2.0,0
9.0,-257.0,-23.0,-51.0,12.0,-4.0,0
16.0,-256.0,-14.0,-55.0,12.0,-1.0,0
14.0,-261.0,-11.0,-57.0,12.0,-1.0,0
15.0,-258.0,-14.0,-60.0,10.0,-2.0,0
13.0,-261.0,-14.0,-59.0,11.0,-1.0,0
14.0,-261.0,-12.0,-58.0,13.0,-1.0,0
16.0,-263.0,-13.0,-55.0,13.0,-1.0,0
14.0,-260.0,-12.0,-48.0,16.0,-2.0,0
17.0,-260.0,-17.0,-43.0,17.0,-3.0,0
15.0,-258.0,-15.0,-40.0,15.0,-2.0,0
15.0,-257.0,-17.0,-37.0,14.0,-2.0,0
17.0,-259.0,-10.0,-39.0,14.0,-1.0,0
16.0,-259.0,-14.0,-42.0,12.0,2.0,0
18.0,-259.0,-13.0,-46.0,11.0,1.0,0
16.0,-260.0,-15.0,-46.0,12.0,-1.0,0
16.0,-260.0,-16.0,-46.0,11.0,-1.0,0
14.0,-259.0,-12.0,-45.0,13.0,-2.0,0
16.0,-262.0,-9.0,-43.0,12.0,-2.0,0
14.0,-258.0,-12.0,-40.0,11.0,-1.0,0
16.0,-257.0,-12.0,-41.0,11.0,1.0,0
15.0,-259.0,-14.0,-40.0,9.0,4.0,0
16.0,-260.0,-13.0,-38.0,9.0,5.0,0
18.0,-261.0,-15.0,-39.0,8.0,5.0,0
16.0,-259.0,-18.0,-39.0,8.0,4.0,0
17.0,-265.0,-13.0,-42.0,9.0,4.0,0
18.0,-263.0,-13.0,-43.0,8.0,3.0,0
19.0,-261.0,-12.0,-43.0,6.0,3.0,0
18.0,-266.0,-18.0,-40.0,7.0,3.0,0
16.0,-261.0,-13.0,-33.0,11.0,1.0,0
17.0,-261.0,-15.0,-26.0,13.0,0.0,0
17.0,-259.0,-18.0,-24.0,15.0,-2.0,0
17.0,-261.0,-16.0,-30.0,16.0,-2.0,0
16.0,-258.0,-15.0,-43.0,16.0,-2.0,0
17.0,-260.0,-15.0,-52.0,16.0,-2.0,0
19.0,-259.0,-12.0,-58.0,17.0,-3.0,0
18.0,-261.0,-14.0,-57.0,19.0,-3.0,0
14.0,-261.0,-12.0,-51.0,19.0,-4.0,0
16.0,-262.0,-13.0,-44.0,18.0,-4.0,0
17.0,-259.0,-13.0,-37.0,19.0,-5.0,0
17.0,-261.0,-8.0,-31.0,18.0,-3.0,0
15.0,-259.0,-13.0,-30.0,17.0,-2.0,0
17.0,-260.0,-13.0,-28.0,16.0,-1.0,0
17.0,-257.0,-15.0,-28.0,15.0,-2.0,0
17.0,-259.0,-19.0,-29.0,16.0,-2.0,0
16.0,-258.0,-16.0,-32.0,17.0,0.0,0
19.0,-258.0,-16.0,-35.0,18.0,1.0,0
18.0,-260.0,-12.0,-34.0,18.0,1.0,0
16.0,-260.0,-15.0,-34.0,19.0,1.0,0
17.0,-262.0,-17.0,-32.0,19.0,2.0,0
19.0,-263.0,-14.0,-30.0,20.0,5.0,0
17.0,-259.0,-14.0,-33.0,21.0,4.0,0
17.0,-264.0,-18.0,-33.0,22.0,5.0,0
18.0,-260.0,-19.0,-31.0,23.0,4.0,0
15.0,-260.0,-17.0,-31.0,24.0,3.0,0
15.0,-258.0,-15.0,-30.0,25.0,2.0,0
14.0,-260.0,-15.0,-28.0,25.0,2.0,0
14.0,-261.0,-14.0,-24.0,26.0,1.0,0
14.0,-261.0,-13.0,-22.0,26.0,1.0,0
16.0,-260.0,-13.0,-19.0,26.0,0.0,0
15.0,-261.0,-16.0,-17.0,25.0,1.0,0
14.0,-257.0,-15.0,-21.0,26.0,1.0,0
15.0,-259.0,-12.0,-24.0,26.0,0.0,0
16.0,-260.0,-15.0,-27.0,26.0,-1.0,0
16.0,-258.0,-13.0,-29.0,26.0,0.0,0
17.0,-258.0,-12.0,-31.0,26.0,0.0,0
16.0,-258.0,-12.0,-30.0,24.0,1.0,0
18.0,-260.0,-14.0,-30.0,22.0,0.0,0
18.0,-261.0,-11.0,-28.0,20.0,0.0,0
15.0,-258.0,-10.0,-28.0,20.0,-1.0,0
16.0,-261.0,-14.0,-25.0,21.0,0.0,0
16.0,-260.0,-11.0,-25.0,18.0,0.0,0
16.0,-261.0,-15.0,-23.0,17.0,0.0,0
15.0,-262.0,-14.0,-20.0,16.0,2.0,0
16.0,-261.0,-13.0,-19.0,16.0,1.0,0
14.0,-261.0,-14.0,-17.0,16.0,2.0,0
16.0,-259.0,-16.0,-17.0,16.0,-1.0,0
15.0,-258.0,-16.0,-16.0,16.0,0.0,0
17.0,-258.0,-13.0,-18.0,18.0,0.0,0
12.0,-257.0,-14.0,-16.0,20.0,-1.0,0
17.0,-259.0,-16.0,-19.0,20.0,-2.0,0
15.0,-258.0,-16.0,-21.0,21.0,-2.0,0
14.0,-257.0,-15.0,-24.0,21.0,-2.0,0
17.0,-257.0,-15.0,-27.0,21.0,-2.0,0
18.0,-260.0,-16.0,-29.0,22.0,-1.0,0
15.0,-258.0,-15.0,-31.0,23.0,-2.0,0
14.0,-257.0,-13.0,-34.0,21.0,-1.0,0
15.0,-256.0,-14.0,-35.0,20.0,-2.0,0
14.0,-258.0,-13.0,-36.0,19.0,0.0,0
17.0,-258.0,-8.0,-35.0,19.0,1.0,0
16.0,-260.0,-7.0,-36.0,16.0,3.0,0
18.0,-259.0,-13.0,-34.0,15.0,4.0,0
15.0,-261.0,-9.0,-32.0,15.0,3.0,0
17.0,-260.0,-12.0,-34.0,14.0,4.0,0
17.0,-259.0,-15.0,-35.0,13.0,1.0,0
8.0,-257.0,-20.0,-35.0,15.0,0.0,0
18.0,-256.0,-10.0,-37.0,16.0,-2.0,0
16.0,-260.0,-10.0,-38.0,16.0,-2.0,0
15.0,-258.0,-11.0,-39.0,17.0,-3.0,0
16.0,-262.0,-13.0,-40.0,17.0,-3.0,0
14.0,-260.0,-12.0,-41.0,18.0,-3.0,0
18.0,-259.0,-12.0,-42.0,18.0,-4.0,0
15.0,-260.0,-11.0,-40.0,18.0,-4.0,0
15.0,-259.0,-13.0,-37.0,19.0,-6.0,0
13.0,-258.0,-14.0,-33.0,19.0,-6.0,0
17.0,-261.0,-6.0,-28.0,19.0,-6.0,0
14.0,-259.0,-15.0,-28.0,17.0,-5.0,0
15.0,-258.0,-13.0,-29.0,15.0,-5.0,0
17.0,-260.0,-12.0,-31.0,15.0,-5.0,0
15.0,-259.0,-11.0,-33.0,17.0,-6.0,0
15.0,-263.0,-13.0,-36.0,18.0,-8.0,0
17.0,-261.0,-9.0,-37.0,21.0,-9.0,0
17.0,-262.0,-9.0,-40.0,22.0,-9.0,0
18.0,-260.0,-9.0,-44.0,22.0,-9.0,0
18.0,-259.0,-14.0,-47.0,22.0,-8.0,0
18.0,-260.0,-7.0,-52.0,22.0,-8.0,0
15.0,-260.0,-10.0,-55.0,21.0,-6.0,0
16.0,-260.0,-10.0,-58.0,21.0,-5.0,0
17.0,-264.0,-9.0,-62.0,20.0,-5.0,0
19.0,-260.0,-11.0,-63.0,19.0,-3.0,0
19.0,-260.0,-9.0,-62.0,19.0,-3.0,0
16.0,-261.0,-8.0,-57.0,21.0,-3.0,0
16.0,-261.0,-8.0,-53.0,24.0,-3.0,0
14.0,-262.0,-9.0,-47.0,26.0,-4.0,0
14.0,-261.0,-12.0,-37.0,26.0,-6.0,0
12.0,-263.0,-7.0,-28.0,30.0,-8.0,0
16.0,-262.0,-14.0,-19.0,31.0,-9.0,0
15.0,-260.0,-10.0,-12.0,32.0,-10.0,0
13.0,-259.0,-16.0,-11.0,32.0,-10.0,0
16.0,-258.0,-13.0,-12.0,30.0,-9.0,0
16.0,-259.0,-17.0,-18.0,27.0,-9.0,0
16.0,-257.0,-11.0,-24.0,24.0,-8.0,0
13.0,-258.0,-13.0,-27.0,21.0,-6.0,0
14.0,-261.0,-12.0,-28.0,19.0,-6.0,0
16.0,-260.0,-14.0,-27.0,16.0,-7.0,0
13.0,-261.0,-15.0,-21.0,16.0,-7.0,0
13.0,-263.0,-16.0,-10.0,16.0,-8.0,0
13.0,-263.0,-11.0,1.0,15.0,-8.0,0
16.0,-261.0,-13.0,12.0,15.0,-10.0,0
14.0,-262.0,-11.0,20.0,16.0,-10.0,0
15.0,-261.0,-19.0,25.0,16.0,-10.0,0
14.0,-260.0,-10.0,27.0,17.0,-11.0,0
15.0,-257.0,-13.0,28.0,15.0,-11.0,0
13.0,-258.0,-8.0,30.0,14.0,-9.0,0
16.0,-261.0,-14.0,32.0,12.0,-10.0,0
14.0,-260.0,-15.0,36.0,9.0,-11.0,0
14.0,-258.0,-16.0,39.0,8.0,-12.0,0
14.0,-259.0,-16.0,35.0,3.0,-13.0,0
12.0,-257.0,-16.0,24.0,-1.0,-12.0,0
19.0,-261.0,-20.0,10.0,-1.0,-11.0,0
15.0,-262.0,-17.0,-3.0,-1.0,-10.0,0
14.0,-261.0,-15.0,-9.0,3.0,-12.0,0
12.0,-258.0,-11.0,-10.0,7.0,-15.0,0
13.0,-261.0,-10.0,-1.0,12.0,-17.0,0
15.0,-261.0,-9.0,7.0,14.0,-20.0,0
16.0,-261.0,-8.0,17.0,15.0,-20.0,0
14.0,-259.0,-7.0,23.0,14.0,-20.0,0
13.0,-258.0,-8.0,25.0,14.0,-18.0,0
13.0,-258.0,-13.0,21.0,14.0,-17.0,0
17.0,-258.0,-10.0,14.0,13.0,-16.0,0
15.0,-256.0,-10.0,6.0,10.0,-13.0,0
18.0,-254.0,-8.0,-1.0,8.0,-12.0,0
15.0,-259.0,-8.0,-5.0,4.0,-11.0,0
16.0,-256.0,-12.0,-12.0,1.0,-9.0,0
19.0,-259.0,-8.0,-14.0,-2.0,-8.0,0
15.0,-257.0,-10.0,-18.0,-1.0,-5.0,0
17.0,-257.0,-10.0,-18.0,-2.0,-4.0,0
15.0,-259.0,-9.0,-17.0,1.0,-2.0,0
15.0,-259.0,-9.0,-19.0,2.0,-1.0,0
15.0,-258.0,-9.0,-22.0,3.0,-1.0,0
13.0,-258.0,-9.0,-24.0,6.0,-1.0,0
16.0,-258.0,-11.0,-29.0,8.0,-1.0,0
14.0,-258.0,-6.0,-31.0,9.0,-2.0,0
13.0,-258.0,-11.0,-38.0,11.0,-1.0,0
25.0,-242.0,-8.0,-45.0,10.0,0.0,0
16.0,-259.0,-10.0,-51.0,10.0,-2.0,0
17.0,-260.0,-11.0,-52.0,11.0,-3.0,0
14.0,-259.0,-12.0,-52.0,12.0,-5.0,0
16.0,-258.0,-10.0,-49.0,12.0,-3.0,0
12.0,-257.0,-8.0,-51.0,15.0,-4.0,0
15.0,-258.0,-7.0,-52.0,15.0,-5.0,0
11.0,-256.0,-9.0,-54.0,17.0,-4.0,0
13.0,-258.0,-9.0,-56.0,18.0,-4.0,0
18.0,-260.0,-12.0,-57.0,18.0,-4.0,0
16.0,-264.0,-9.0,-57.0,20.0,-5.0,0
12.0,-254.0,-15.0,-56.0,22.0,-4.0,0
15.0,-262.0,-12.0,-51.0,21.0,-3.0,0
14.0,-260.0,-12.0,-47.0,21.0,-2.0,0
14.0,-258.0,-9.0,-46.0,19.0,-1.0,0
15.0,-259.0,-9.0,-47.0,17.0,0.0,0
14.0,-260.0,-11.0,-50.0,16.0,0.0,0
14.0,-258.0,-11.0,-53.0,14.0,1.0,0
16.0,-259.0,-9.0,-57.0,12.0,3.0,0
12.0,-261.0,-13.0,-59.0,13.0,3.0,0
11.0,-258.0,-12.0,-61.0,13.0,2.0,0
13.0,-259.0,-11.0,-61.0,14.0,4.0,0
28.0,-259.0,-5.0,-61.0,16.0,3.0,0
14.0,-261.0,-11.0,-60.0,16.0,2.0,0
14.0,-263.0,-9.0,-57.0,18.0,2.0,0
17.0,-263.0,-10.0,-52.0,20.0,1.0,0
15.0,-262.0,-9.0,-48.0,19.0,1.0,0
16.0,-261.0,-7.0,-45.0,20.0,0.0,0
12.0,-262.0,-7.0,-43.0,17.0,2.0,0
16.0,-263.0,-12.0,-43.0,15.0,2.0,0
15.0,-261.0,-8.0,-44.0,12.0,5.0,0
17.0,-260.0,-7.0,-45.0,10.0,8.0,0
17.0,-259.0,-10.0,-45.0,7.0,9.0,0
15.0,-259.0,-12.0,-46.0,5.0,11.0,0
16.0,-260.0,-13.0,-47.0,2.0,12.0,0
14.0,-259.0,-13.0,-49.0,-1.0,14.0,0
13.0,-258.0,-13.0,-47.0,-5.0,15.0,0
16.0,-260.0,-11.0,-49.0,-9.0,16.0,0
13.0,-257.0,-13.0,-51.0,-10.0,16.0,0
14.0,-259.0,-12.0,-51.0,-9.0,15.0,0
19.0,-260.0,-10.0,-56.0,-9.0,13.0,0
18.0,-258.0,-11.0,-63.0,-7.0,11.0,0
17.0,-257.0,-13.0,-70.0,-6.0,11.0,0
15.0,-261.0,-11.0,-75.0,-5.0,9.0,0
16.0,-255.0,-12.0,-80.0,-5.0,7.0,0
17.0,-260.0,-10.0,-77.0,-2.0,6.0,0
15.0,-259.0,-13.0,-76.0,-1.0,3.0,0
14.0,-257.0,-14.0,-74.0,3.0,1.0,0
16.0,-262.0,-13.0,-68.0,7.0,-2.0,0
13.0,-260.0,-11.0,-62.0,10.0,-5.0,0
18.0,-262.0,-10.0,-58.0,12.0,-7.0,0
14.0,-258.0,-12.0,-54.0,13.0,-8.0,0
13.0,-258.0,-14.0,-53.0,13.0,-9.0,0
16.0,-260.0,-15.0,-52.0,13.0,-10.0,0
16.0,-261.0,-10.0,-52.0,11.0,-9.0,0
14.0,-258.0,-15.0,-53.0,6.0,-6.0,0
15.0,-257.0,-11.0,-55.0,2.0,-6.0,0
14.0,-259.0,-9.0,-59.0,-2.0,-5.0,0
15.0,-258.0,-12.0,-63.0,-6.0,-2.0,0
16.0,-258.0,-12.0,-69.0,-12.0,-4.0,0
15.0,-258.0,-15.0,-74.0,-15.0,-4.0,0
15.0,-259.0,-12.0,-79.0,-16.0,-6.0,0
18.0,-260.0,-14.0,-82.0,-14.0,-6.0,0
19.0,-260.0,-10.0,-85.0,-13.0,-8.0,0
15.0,-260.0,-10.0,-84.0,-9.0,-10.0,0
13.0,-260.0,-14.0,-84.0,-7.0,-11.0,0
15.0,-261.0,-8.0,-81.0,-7.0,-13.0,0
15.0,-262.0,-8.0,-76.0,-7.0,-18.0,0
15.0,-260.0,-13.0,-72.0,-5.0,-19.0,0
20.0,-264.0,-11.0,-68.0,-4.0,-18.0,0
19.0,-262.0,-10.0,-66.0,-3.0,-19.0,0
16.0,-259.0,-6.0,-64.0,-6.0,-17.0,0
18.0,-259.0,-11.0,-62.0,-9.0,-16.0,0
17.0,-256.0,-16.0,-64.0,-11.0,-15.0,0
19.0,-257.0,-8.0,-69.0,-13.0,-13.0,0
20.0,-257.0,-11.0,-76.0,-15.0,-11.0,0
16.0,-257.0,-10.0,-85.0,-17.0,-12.0,0
18.0,-256.0,-11.0,-90.0,-17.0,-12.0,0
18.0,-259.0,-14.0,-92.0,-15.0,-11.0,0
17.0,-259.0,-8.0,-92.0,-12.0,-11.0,0
15.0,-260.0,-10.0,-91.0,-9.0,-12.0,0
15.0,-260.0,-9.0,-86.0,-6.0,-14.0,0
17.0,-260.0,-12.0,-84.0,-6.0,-14.0,0
15.0,-262.0,-10.0,-80.0,-6.0,-15.0,0
17.0,-260.0,-11.0,-77.0,-7.0,-13.0,0
19.0,-258.0,-12.0,-77.0,-9.0,-13.0,0
17.0,-260.0,-8.0,-76.0,-10.0,-12.0,0
20.0,-258.0,-9.0,-77.0,-10.0,-11.0,0
19.0,-261.0,-14.0,-78.0,-9.0,-9.0,0
20.0,-260.0,-14.0,-78.0,-5.0,-10.0,0
18.0,-259.0,-13.0,-76.0,-1.0,-12.0,0
18.0,-263.0,-16.0,-74.0,2.0,-14.0,0
18.0,-260.0,-14.0,-78.0,5.0,-17.0,0
15.0,-258.0,-15.0,-89.0,9.0,-19.0,0
20.0,-259.0,-15.0,-96.0,12.0,-20.0,0
16.0,-262.0,-12.0,-102.0,16.0,-23.0,0
16.0,-260.0,-8.0,-100.0,18.0,-24.0,0
17.0,-261.0,-11.0,-94.0,20.0,-26.0,0
16.0,-262.0,-6.0,-86.0,21.0,-26.0,0
18.0,-263.0,-7.0,-76.0,20.0,-25.0,0
16.0,-259.0,-7.0,-68.0,19.0,-21.0,0
18.0,-257.0,-10.0,-63.0,16.0,-19.0,0
19.0,-260.0,-7.0,-62.0,16.0,-15.0,0
20.0,-257.0,-10.0,-62.0,15.0,-11.0,0
20.0,-256.0,-11.0,-69.0,14.0,-8.0,0
19.0,-259.0,-13.0,-80.0,14.0,-6.0,0
16.0,-257.0,-16.0,-90.0,12.0,-6.0,0
16.0,-257.0,-13.0,-99.0,9.0,-7.0,0
15.0,-255.0,-13.0,-108.0,8.0,-7.0,0
18.0,-259.0,-14.0,-113.0,7.0,-8.0,0
14.0,-259.0,-11.0,-117.0,7.0,-10.0,0
17.0,-261.0,-12.0,-122.0,7.0,-13.0,0
16.0,-263.0,-11.0,-122.0,9.0,-15.0,0
13.0,-263.0,-15.0,-118.0,12.0,-19.0,0
15.0,-261.0,-13.0,-114.0,16.0,-22.0,0
12.0,-265.0,-13.0,-109.0,19.0,-27.0,0
13.0,-263.0,-16.0,-104.0,20.0,-31.0,0
16.0,-261.0,-19.0,-96.0,20.0,-30.0,0
13.0,-263.0,-13.0,-91.0,20.0,-28.0,0
16.0,-262.0,-13.0,-86.0,18.0,-26.0,0
20.0,-264.0,-15.0,-81.0,17.0,-21.0,0
16.0,-257.0,-13.0,-75.0,15.0,-17.0,0
16.0,-259.0,-12.0,-71.0,11.0,-14.0,0
18.0,-261.0,-14.0,-72.0,10.0,-14.0,0
17.0,-260.0,-13.0,-76.0,10.0,-14.0,0
17.0,-261.0,-12.0,-79.0,7.0,-14.0,0
14.0,-260.0,-15.0,-79.0,5.0,-14.0,0
17.0,-260.0,-12.0,-76.0,4.0,-12.0,0
17.0,-260.0,-17.0,-73.0,3.0,-11.0,0
17.0,-259.0,-15.0,-75.0,4.0,-9.0,0
19.0,-263.0,-16.0,-78.0,3.0,-10.0,0
19.0,-258.0,-17.0,-81.0,5.0,-9.0,0
20.0,-259.0,-14.0,-84.0,6.0,-11.0,0
21.0,-258.0,-15.0,-84.0,8.0,-12.0,0
20.0,-259.0,-15.0,-82.0,8.0,-11.0,0
19.0,-258.0,-15.0,-84.0,10.0,-11.0,0
17.0,-258.0,-14.0,-82.0,8.0,-11.0,0
19.0,-261.0,-14.0,-82.0,9.0,-11.0,0
18.0,-259.0,-14.0,-80.0,10.0,-11.0,0
18.0,-259.0,-17.0,-79.0,11.0,-11.0,0
21.0,-262.0,-16.0,-80.0,11.0,-12.0,0
17.0,-260.0,-14.0,-82.0,13.0,-11.0,0
20.0,-262.0,-14.0,-82.0,15.0,-12.0,0
20.0,-260.0,-10.0,-81.0,16.0,-10.0,0
19.0,-258.0,-13.0,-82.0,17.0,-8.0,0
20.0,-261.0,-13.0,-82.0,19.0,-7.0,0
21.0,-258.0,-14.0,-84.0,21.0,-6.0,0
17.0,-259.0,-14.0,-83.0,25.0,-7.0,0
21.0,-260.0,-17.0,-83.0,28.0,-8.0,0
18.0,-261.0,-15.0,-80.0,31.0,-9.0,0
17.0,-258.0,-17.0,-78.0,35.0,-8.0,0
15.0,-258.0,-13.0,-76.0,36.0,-8.0,0
17.0,-258.0,-18.0,-79.0,39.0,-7.0,0
18.0,-257.0,-13.0,-85.0,41.0,-7.0,0
16.0,-257.0,-16.0,-89.0,43.0,-7.0,0
17.0,-261.0,-16.0,-94.0,44.0,-8.0,0
18.0,-261.0,-17.0,-98.0,46.0,-13.0,0
18.0,-265.0,-15.0,-101.0,48.0,-20.0,0
19.0,-267.0,-11.0,-95.0,51.0,-23.0,0
18.0,-265.0,-7.0,-81.0,50.0,-25.0,0
17.0,-264.0,-9.0,-67.0,46.0,-25.0,0
17.0,-263.0,-11.0,-52.0,45.0,-25.0,0
18.0,-263.0,-15.0,-42.0,47.0,-23.0,0
16.0,-259.0,-20.0,-35.0,48.0,-20.0,0
15.0,-256.0,-18.0,-36.0,47.0,-19.0,0
12.0,-257.0,-15.0,-41.0,47.0,-15.0,0
16.0,-260.0,-16.0,-47.0,46.0,-13.0,0
15.0,-257.0,-17.0,-54.0,48.0,-12.0,0
15.0,-259.0,-16.0,-59.0,48.0,-14.0,0
17.0,-261.0,-14.0,-63.0,48.0,-14.0,0
16.0,-264.0,-18.0,-59.0,47.0,-14.0,0
16.0,-260.0,-14.0,-56.0,49.0,-15.0,0
19.0,-260.0,-19.0,-52.0,53.0,-15.0,0
13.0,-262.0,-17.0,-51.0,56.0,-13.0,0
20.0,-259.0,-16.0,-51.0,58.0,-15.0,0
17.0,-260.0,-17.0,-54.0,55.0,-15.0,0
15.0,-256.0,-15.0,-58.0,54.0,-15.0,0
19.0,-261.0,-14.0,-59.0,54.0,-15.0,0
17.0,-258.0,-16.0,-63.0,55.0,-15.0,0
15.0,-258.0,-21.0,-66.0,56.0,-15.0,0
17.0,-258.0,-19.0,-66.0,56.0,-14.0,0
17.0,-261.0,-18.0,-65.0,57.0,-15.0,0
18.0,-260.0,-13.0,-61.0,58.0,-16.0,0
18.0,-259.0,-15.0,-52.0,62.0,-15.0,0
21.0,-245.0,-23.0,-46.0,63.0,-13.0,0
15.0,-257.0,-18.0,-44.0,63.0,-9.0,0
17.0,-260.0,-18.0,-42.0,61.0,-7.0,0
18.0,-257.0,-15.0,-45.0,56.0,-8.0,0
17.0,-258.0,-16.0,-49.0,53.0,-10.0,0
16.0,-258.0,-16.0,-52.0,49.0,-11.0,0
16.0,-260.0,-15.0,-55.0,50.0,-13.0,0
17.0,-261.0,-18.0,-57.0,50.0,-16.0,0
16.0,-259.0,-16.0,-53.0,52.0,-16.0,0
18.0,-258.0,-13.0,-47.0,53.0,-18.0,0
17.0,-259.0,-16.0,-46.0,54.0,-18.0,0
10.0,-264.0,-12.0,-50.0,54.0,-18.0,0
12.0,-258.0,-12.0,-54.0,52.0,-18.0,0
17.0,-260.0,-19.0,-56.0,49.0,-18.0,0
15.0,-258.0,-17.0,-55.0,47.0,-18.0,0
16.0,-261.0,-18.0,-52.0,44.0,-19.0,0
14.0,-260.0,-14.0,-49.0,41.0,-19.0,0
16.0,-264.0,-16.0,-44.0,40.0,-20.0,0
17.0,-264.0,-21.0,-41.0,38.0,-20.0,0
16.0,-263.0,-17.0,-36.0,37.0,-20.0,0
16.0,-262.0,-16.0,-30.0,37.0,-20.0,0
18.0,-265.0,-14.0,-25.0,36.0,-19.0,0
17.0,-263.0,-13.0,-23.0,36.0,-19.0,0
17.0,-261.0,-16.0,-22.0,35.0,-17.0,0
16.0,-261.0,-18.0,-19.0,33.0,-16.0,0
15.0,-261.0,-18.0,-23.0,33.0,-14.0,0
16.0,-263.0,-22.0,-28.0,31.0,-14.0,0
18.0,-262.0,-15.0,-35.0,28.0,-13.0,0
19.0,-265.0,-10.0,-35.0,28.0,-11.0,0
21.0,-267.0,-17.0,-31.0,28.0,-12.0,0
16.0,-262.0,-15.0,-21.0,28.0,-16.0,0
14.0,-263.0,-14.0,-8.0,28.0,-18.0,0
17.0,-262.0,-15.0,3.0,29.0,-17.0,0
16.0,-259.0,-14.0,12.0,27.0,-16.0,0
17.0,-260.0,-13.0,16.0,26.0,-14.0,0
16.0,-259.0,-12.0,16.0,25.0,-9.0,0
18.0,-257.0,-15.0,15.0,23.0,-4.0,0
14.0,-256.0,-13.0,14.0,19.0,0.0,0
18.0,-256.0,-15.0,15.0,13.0,-2.0,0
20.0,-256.0,-19.0,18.0,9.0,-3.0,0
17.0,-255.0,-16.0,12.0,7.0,-2.0,0
17.0,-259.0,-19.0,2.0,4.0,4.0,0
21.0,-259.0,-16.0,-4.0,-1.0,5.0,0
17.0,-258.0,-16.0,-10.0,-3.0,6.0,0
18.0,-261.0,-12.0,-12.0,-4.0,5.0,0
18.0,-261.0,-18.0,-11.0,-4.0,3.0,0
17.0,-262.0,-16.0,-12.0,-3.0,3.0,0
19.0,-263.0,-16.0,-9.0,-2.0,1.0,0
18.0,-261.0,-12.0,-8.0,-1.0,2.0,0
19.0,-258.0,-16.0,-11.0,0.0,-1.0,0
18.0,-260.0,-15.0,-16.0,1.0,-2.0,0
18.0,-260.0,-13.0,-19.0,4.0,-3.0,0
17.0,-260.0,-11.0,-23.0,7.0,-6.0,0
16.0,-257.0,-13.0,-27.0,9.0,-7.0,0
18.0,-258.0,-17.0,-31.0,11.0,-10.0,0
20.0,-259.0,-15.0,-31.0,14.0,-12.0,0
18.0,-259.0,-12.0,-31.0,15.0,-13.0,0
17.0,-257.0,-15.0,-32.0,14.0,-11.0,0
17.0,-257.0,-17.0,-37.0,15.0,-10.0,0
21.0,-258.0,-15.0,-41.0,13.0,-10.0,0
18.0,-256.0,-18.0,-43.0,10.0,-8.0,0
19.0,-260.0,-14.0,-43.0,10.0,-8.0,0
18.0,-261.0,-16.0,-42.0,10.0,-9.0,0
17.0,-262.0,-19.0,-40.0,11.0,-10.0,0
22.0,-263.0,-15.0,-38.0,14.0,-7.0,0
22.0,-262.0,-16.0,-35.0,17.0,-7.0,0
21.0,-259.0,-12.0,-29.0,20.0,-13.0,0
19.0,-263.0,-17.0,-21.0,24.0,-17.0,0
20.0,-258.0,-16.0,-18.0,27.0,-18.0,0
18.0,-258.0,-17.0,-17.0,30.0,-18.0,0
19.0,-259.0,-18.0,-20.0,30.0,-18.0,0
22.0,-260.0,-15.0,-26.0,32.0,-18.0,0
20.0,-259.0,-18.0,-33.0,33.0,-13.0,0
19.0,-263.0,-13.0,-39.0,31.0,-7.0,0
21.0,-264.0,-15.0,-41.0,27.0,-3.0,0
20.0,-262.0,-16.0,-38.0,21.0,-1.0,0
20.0,-263.0,-12.0,-32.0,17.0,-1.0,0
16.0,-261.0,-18.0,-28.0,13.0,-1.0,0
20.0,-264.0,-14.0,-28.0,7.0,1.0,0
21.0,-263.0,-13.0,-29.0,8.0,2.0,0
24.0,-258.0,-13.0,-24.0,10.0,1.0,0
23.0,-259.0,-13.0,-26.0,13.0,2.0,0
19.0,-257.0,-17.0,-29.0,18.0,2.0,0
21.0,-258.0,-13.0,-28.0,25.0,-1.0,0
20.0,-263.0,-14.0,-26.0,29.0,-3.0,0
20.0,-260.0,-15.0,-23.0,35.0,-7.0,0
21.0,-259.0,-15.0,-18.0,40.0,-9.0,0
22.0,-259.0,-10.0,-18.0,43.0,-10.0,0
18.0,-258.0,-13.0,-19.0,46.0,-9.0,0
21.0,-260.0,-11.0,-20.0,49.0,-10.0,0
22.0,-258.0,-14.0,-21.0,51.0,-11.0,0
23.0,-260.0,-17.0,-21.0,52.0,-12.0,0
22.0,-260.0,-13.0,-19.0,52.0,-12.0,0
22.0,-261.0,-15.0,-15.0,53.0,-14.0,0
19.0,-257.0,-14.0,-14.0,55.0,-16.0,0
20.0,-261.0,-9.0,-16.0,56.0,-15.0,0
20.0,-259.0,-13.0,-15.0,58.0,-16.0,0
21.0,-259.0,-12.0,-18.0,59.0,-16.0,0
18.0,-260.0,-10.0,-20.0,58.0,-16.0,0
20.0,-260.0,-11.0,-20.0,57.0,-16.0,0
15.0,-258.0,-12.0,-20.0,56.0,-15.0,0
22.0,-258.0,-14.0,-19.0,54.0,-13.0,0
17.0,-258.0,-10.0,-20.0,54.0,-13.0,0
19.0,-257.0,-11.0,-21.0,54.0,-12.0,0
18.0,-259.0,-14.0,-23.0,54.0,-12.0,0
20.0,-259.0,-19.0,-26.0,54.0,-12.0,0
16.0,-260.0,-14.0,-31.0,54.0,-11.0,0
18.0,-259.0,-12.0,-35.0,51.0,-9.0,0
14.0,-258.0,-12.0,-42.0,47.0,-7.0,0
15.0,-258.0,-13.0,-49.0,43.0,-2.0,0
16.0,-259.0,-11.0,-52.0,40.0,-2.0,0
17.0,-260.0,-16.0,-48.0,36.0,-3.0,0
19.0,-260.0,-13.0,-42.0,36.0,-6.0,0
18.0,-260.0,-13.0,-35.0,33.0,-9.0,0
18.0,-262.0,-16.0,-28.0,32.0,-13.0,0
20.0,-263.0,-15.0,-24.0,32.0,-11.0,0
18.0,-262.0,-16.0,-20.0,31.0,-11.0,0
18.0,-261.0,-17.0,-18.0,27.0,-12.0,0
16.0,-259.0,-16.0,-16.0,25.0,-13.0,0
17.0,-258.0,-11.0,-17.0,22.0,-16.0,0
18.0,-262.0,-15.0,-27.0,20.0,-18.0,0
17.0,-257.0,-15.0,-35.0,19.0,-19.0,0
17.0,-257.0,-11.0,-38.0,19.0,-19.0,0
19.0,-258.0,-12.0,-42.0,20.0,-16.0,0
19.0,-260.0,-12.0,-43.0,18.0,-16.0,0
20.0,-258.0,-12.0,-45.0,17.0,-16.0,0
21.0,-260.0,-12.0,-44.0,16.0,-13.0,0
23.0,-260.0,-12.0,-40.0,15.0,-12.0,0
18.0,-261.0,-14.0,-37.0,14.0,-11.0,0
19.0,-261.0,-10.0,-34.0,12.0,-10.0,0
20.0,-261.0,-12.0,-33.0,11.0,-11.0,0
18.0,-258.0,-12.0,-33.0,10.0,-14.0,0
17.0,-257.0,-9.0,-33.0,8.0,-17.0,0
19.0,-260.0,-14.0,-31.0,9.0,-20.0,0
19.0,-260.0,-12.0,-27.0,12.0,-25.0,0
21.0,-260.0,-15.0,-21.0,15.0,-26.0,0
16.0,-260.0,-11.0,-17.0,17.0,-27.0,0
19.0,-263.0,-12.0,-19.0,19.0,-26.0,0
19.0,-258.0,-17.0,-22.0,18.0,-27.0,0
20.0,-257.0,-15.0,-31.0,21.0,-28.0,0
16.0,-258.0,-13.0,-38.0,22.0,-28.0,0
16.0,-260.0,-13.0,-42.0,21.0,-25.0,0
16.0,-262.0,-11.0,-43.0,22.0,-19.0,0
14.0,-262.0,-5.0,-44.0,18.0,-13.0,0
15.0,-262.0,-11.0,-47.0,16.0,-4.0,0
13.0,-265.0,-9.0,-45.0,12.0,3.0,0
17.0,-265.0,-7.0,-38.0,6.0,6.0,0
17.0,-262.0,-9.0,-31.0,-3.0,8.0,0
19.0,-258.0,-8.0,-24.0,-8.0,9.0,0
22.0,-255.0,-12.0,-22.0,-12.0,9.0,0
20.0,-256.0,-16.0,-21.0,-13.0,9.0,0
20.0,-258.0,-15.0,-23.0,-12.0,6.0,0
21.0,-255.0,-14.0,-24.0,-10.0,5.0,0
23.0,-257.0,-13.0,-21.0,-8.0,2.0,0
20.0,-260.0,-13.0,-17.0,-5.0,-1.0,0
23.0,-259.0,-12.0,-14.0,-2.0,-2.0,0
20.0,-260.0,-12.0,-11.0,2.0,-1.0,0
21.0,-263.0,-10.0,-6.0,5.0,0.0,0
24.0,-266.0,-8.0,-2.0,10.0,0.0,0
20.0,-265.0,-9.0,1.0,17.0,3.0,0
23.0,-263.0,-13.0,4.0,18.0,7.0,0
22.0,-261.0,-9.0,11.0,19.0,6.0,0
22.0,-261.0,-10.0,14.0,16.0,7.0,0
24.0,-258.0,-10.0,10.0,12.0,5.0,0
19.0,-256.0,-9.0,4.0,15.0,5.0,0
19.0,-256.0,-5.0,-4.0,17.0,3.0,0
20.0,-257.0,-12.0,-11.0,21.0,3.0,0
18.0,-256.0,-12.0,-16.0,22.0,4.0,0
21.0,-256.0,-10.0,-21.0,23.0,3.0,0
21.0,-258.0,-10.0,-27.0,23.0,1.0,0
18.0,-258.0,-12.0,-28.0,28.0,1.0,0
19.0,-257.0,-12.0,-29.0,33.0,-2.0,0
21.0,-263.0,-6.0,-31.0,37.0,-1.0,0
18.0,-258.0,-11.0,-31.0,39.0,-5.0,0
19.0,-254.0,-6.0,-30.0,43.0,-5.0,0
19.0,-259.0,-8.0,-28.0,44.0,-4.0,0
20.0,-261.0,-8.0,-28.0,47.0,-6.0,0
19.0,-264.0,-10.0,-24.0,49.0,-6.0,0
21.0,-261.0,-5.0,-19.0,48.0,-6.0,0
16.0,-262.0,-9.0,-17.0,46.0,-6.0,0
19.0,-261.0,-10.0,-16.0,42.0,-5.0,0
18.0,-259.0,-7.0,-15.0,38.0,-5.0,0
18.0,-260.0,-11.0,-16.0,33.0,-4.0,0
19.0,-259.0,-11.0,-18.0,32.0,-3.0,0
26.0,-255.0,-16.0,-19.0,32.0,-2.0,0
18.0,-260.0,-9.0,-21.0,33.0,-2.0,0
14.0,-258.0,-10.0,-19.0,33.0,-4.0,0
19.0,-262.0,-11.0,-14.0,34.0,-4.0,0
20.0,-265.0,-15.0,-8.0,34.0,-4.0,0
15.0,-260.0,-12.0,-3.0,36.0,-6.0,0
20.0,-262.0,-11.0,5.0,38.0,-7.0,0
16.0,-257.0,-13.0,9.0,38.0,-8.0,0
17.0,-259.0,-13.0,7.0,37.0,-8.0,0
17.0,-258.0,-10.0,4.0,35.0,-7.0,0
17.0,-257.0,-9.0,1.0,33.0,-4.0,0
28.0,-260.0,0.0,-1.0,30.0,0.0,0
17.0,-254.0,-3.0,-4.0,25.0,3.0,0
15.0,-256.0,-6.0,-11.0,21.0,3.0,0
16.0,-255.0,-8.0,-20.0,16.0,3.0,0
16.0,-258.0,-9.0,-29.0,15.0,5.0,0
16.0,-262.0,-7.0,-34.0,15.0,6.0,0
17.0,-260.0,-7.0,-33.0,15.0,6.0,0
19.0,-259.0,-10.0,-27.0,15.0,5.0,0
16.0,-262.0,-6.0,-18.0,17.0,5.0,0
16.0,-262.0,-9.0,-7.0,16.0,2.0,0
19.0,-260.0,-5.0,-4.0,17.0,1.0,0
15.0,-261.0,-14.0,-2.0,14.0,0.0,0
16.0,-258.0,-5.0,-7.0,13.0,1.0,0
18.0,-257.0,-9.0,-11.0,12.0,1.0,0
17.0,-257.0,-8.0,-18.0,10.0,0.0,0
16.0,-256.0,-11.0,-26.0,5.0,3.0,0
17.0,-256.0,-9.0,-32.0,2.0,4.0,0
18.0,-257.0,-8.0,-40.0,-3.0,4.0,0
19.0,-257.0,-12.0,-49.0,-5.0,5.0,0
19.0,-257.0,-11.0,-52.0,-6.0,4.0,0
16.0,-256.0,-4.0,-54.0,-7.0,4.0,0
19.0,-260.0,-11.0,-53.0,-7.0,3.0,0
16.0,-259.0,-7.0,-54.0,-8.0,4.0,0
19.0,-263.0,-10.0,-54.0,-7.0,1.0,0
17.0,-260.0,-10.0,-56.0,-6.0,-2.0,0
14.0,-261.0,-12.0,-54.0,-5.0,-2.0,0
14.0,-260.0,-11.0,-48.0,-6.0,-1.0,0
17.0,-260.0,-10.0,-43.0,-6.0,1.0,0
16.0,-258.0,-10.0,-40.0,-8.0,3.0,0
13.0,-260.0,-11.0,-37.0,-7.0,3.0,0
16.0,-261.0,-11.0,-36.0,-7.0,3.0,0
12.0,-258.0,-13.0,-35.0,-8.0,3.0,0
15.0,-258.0,-12.0,-36.0,-8.0,2.0,0
18.0,-261.0,-9.0,-36.0,-9.0,3.0,0
18.0,-262.0,-10.0,-35.0,-11.0,3.0,0
15.0,-258.0,-12.0,-34.0,-13.0,3.0,0
19.0,-259.0,-9.0,-31.0,-13.0,2.0,0
18.0,-259.0,-9.0,-29.0,-15.0,5.0,0
18.0,-258.0,-16.0,-27.0,-14.0,5.0,0
19.0,-257.0,-10.0,-27.0,-14.0,10.0,0
20.0,-257.0,-9.0,-31.0,-16.0,13.0,0
15.0,-257.0,-9.0,-32.0,-17.0,13.0,0
18.0,-259.0,-10.0,-34.0,-17.0,12.0,0
18.0,-263.0,-8.0,-34.0,-16.0,12.0,0
18.0,-260.0,-2.0,-33.0,-14.0,11.0,0
17.0,-261.0,-8.0,-28.0,-15.0,10.0,0
15.0,-257.0,-5.0,-21.0,-16.0,11.0,0
17.0,-260.0,-13.0,-17.0,-17.0,10.0,0
20.0,-261.0,-13.0,-14.0,-17.0,9.0,0
18.0,-260.0,-6.0,-15.0,-17.0,9.0,0
19.0,-258.0,-9.0,-18.0,-19.0,9.0,0
15.0,-258.0,-4.0,-17.0,-19.0,9.0,0
17.0,-260.0,-10.0,-14.0,-20.0,10.0,0
17.0,-261.0,-10.0,-10.0,-18.0,9.0,0
20.0,-259.0,-7.0,-7.0,-18.0,8.0,0
14.0,-258.0,-14.0,-5.0,-18.0,7.0,0
19.0,-256.0,-12.0,-11.0,-20.0,10.0,0
19.0,-260.0,-13.0,-17.0,-18.0,8.0,0
17.0,-258.0,-12.0,-23.0,-16.0,7.0,0
17.0,-257.0,-11.0,-26.0,-15.0,7.0,0
18.0,-261.0,-12.0,-25.0,-16.0,8.0,0
17.0,-260.0,-10.0,-21.0,-17.0,7.0,0
17.0,-261.0,-10.0,-19.0,-18.0,7.0,0
16.0,-258.0,-8.0,-16.0,-18.0,9.0,0
16.0,-260.0,-9.0,-17.0,-20.0,10.0,0
20.0,-260.0,-10.0,-17.0,-20.0,12.0,0
17.0,-260.0,-9.0,-15.0,-21.0,13.0,0
16.0,-258.0,-10.0,-12.0,-24.0,14.0,0
17.0,-260.0,-8.0,-8.0,-24.0,14.0,0
16.0,-259.0,-7.0,-5.0,-27.0,13.0,0
17.0,-259.0,-6.0,-3.0,-28.0,13.0,0
17.0,-257.0,-10.0,-5.0,-30.0,15.0,0
19.0,-258.0,-9.0,-6.0,-31.0,15.0,0
20.0,-257.0,-7.0,-9.0,-32.0,14.0,0
18.0,-259.0,-5.0,-14.0,-32.0,14.0,0
24.0,-258.0,-9.0,-18.0,-32.0,14.0,0
19.0,-259.0,-9.0,-19.0,-29.0,13.0,0
18.0,-258.0,-9.0,-22.0,-26.0,11.0,0
18.0,-256.0,-8.0,-26.0,-23.0,10.0,0
20.0,-260.0,-5.0,-28.0,-22.0,8.0,0
15.0,-256.0,-10.0,-30.0,-22.0,8.0,0
19.0,-257.0,-8.0,-31.0,-22.0,7.0,0
18.0,-258.0,-4.0,-32.0,-23.0,4.0,0
17.0,-257.0,-6.0,-37.0,-25.0,6.0,0
16.0,-257.0,-9.0,-38.0,-25.0,6.0,0
16.0,-257.0,-8.0,-40.0,-26.0,6.0,0
17.0,-257.0,-4.0,-40.0,-28.0,5.0,0
21.0,-259.0,-6.0,-39.0,-29.0,6.0,0
14.0,-260.0,-7.0,-39.0,-30.0,7.0,0
15.0,-260.0,-7.0,-39.0,-31.0,8.0,0
15.0,-257.0,-9.0,-39.0,-31.0,8.0,0
14.0,-258.0,-4.0,-38.0,-33.0,8.0,0
14.0,-259.0,-7.0,-39.0,-35.0,9.0,0
12.0,-258.0,-11.0,-43.0,-35.0,10.0,0
18.0,-261.0,-8.0,-44.0,-35.0,11.0,0
16.0,-257.0,-10.0,-46.0,-34.0,11.0,0
16.0,-259.0,-6.0,-46.0,-35.0,11.0,0
13.0,-259.0,-1.0,-46.0,-34.0,11.0,0
12.0,-257.0,-10.0,-46.0,-36.0,9.0,0
16.0,-257.0,-7.0,-46.0,-36.0,10.0,0
15.0,-258.0,-10.0,-49.0,-37.0,10.0,0
14.0,-258.0,-11.0,-49.0,-36.0,11.0,0
16.0,-256.0,-13.0,-50.0,-38.0,9.0,0
18.0,-257.0,-10.0,-51.0,-37.0,7.0,0
18.0,-257.0,-3.0,-51.0,-36.0,5.0,0
16.0,-257.0,-6.0,-53.0,-35.0,5.0,0
17.0,-257.0,-9.0,-55.0,-34.0,4.0,0
16.0,-257.0,-11.0,-54.0,-32.0,4.0,0
15.0,-256.0,-6.0,-53.0,-33.0,3.0,0
13.0,-258.0,-11.0,-52.0,-34.0,4.0,0
16.0,-257.0,-9.0,-50.0,-33.0,5.0,0
15.0,-258.0,-9.0,-50.0,-33.0,3.0,0
12.0,-259.0,-9.0,-50.0,-31.0,4.0,0
18.0,-263.0,-6.0,-52.0,-32.0,5.0,0
16.0,-260.0,-8.0,-50.0,-32.0,6.0,0
16.0,-257.0,-12.0,-49.0,-33.0,7.0,0
15.0,-258.0,-9.0,-46.0,-34.0,5.0,0
15.0,-258.0,-5.0,-49.0,-35.0,6.0,0
18.0,-258.0,-7.0,-50.0,-35.0,5.0,0
15.0,-261.0,-8.0,-49.0,-36.0,5.0,0
19.0,-259.0,-10.0,-50.0,-37.0,6.0,0
16.0,-258.0,-7.0,-51.0,-36.0,7.0,0
18.0,-262.0,-7.0,-51.0,-38.0,6.0,0
14.0,-258.0,-3.0,-54.0,-39.0,5.0,0
16.0,-261.0,-6.0,-57.0,-40.0,6.0,0
18.0,-260.0,-5.0,-54.0,-42.0,8.0,0
13.0,-257.0,-8.0,-55.0,-42.0,7.0,0
17.0,-259.0,-6.0,-56.0,-44.0,8.0,0
17.0,-259.0,-9.0,-57.0,-44.0,9.0,0
17.0,-260.0,-6.0,-60.0,-42.0,8.0,0
19.0,-260.0,-10.0,-60.0,-41.0,9.0,0
14.0,-259.0,-8.0,-58.0,-39.0,10.0,0
17.0,-261.0,-7.0,-55.0,-37.0,9.0,0
19.0,-259.0,-7.0,-55.0,-36.0,8.0,0
14.0,-259.0,-7.0,-56.0,-33.0,8.0,0
14.0,-259.0,-6.0,-57.0,-32.0,7.0,0
15.0,-258.0,-9.0,-60.0,-29.0,7.0,0
17.0,-259.0,-6.0,-61.0,-26.0,5.0,0
17.0,-259.0,-10.0,-65.0,-23.0,3.0,0
17.0,-259.0,-6.0,-63.0,-22.0,2.0,0
16.0,-261.0,-3.0,-65.0,-21.0,1.0,0
15.0,-260.0,-7.0,-65.0,-20.0,1.0,0
17.0,-260.0,-10.0,-60.0,-19.0,0.0,0
16.0,-259.0,-7.0,-56.0,-17.0,0.0,0
17.0,-260.0,-10.0,-51.0,-15.0,-1.0,0
19.0,-260.0,-10.0,-50.0,-14.0,-1.0,0
17.0,-258.0,-10.0,-54.0,-14.0,-2.0,0
15.0,-258.0,-10.0,-56.0,-15.0,-1.0,0
19.0,-258.0,-10.0,-60.0,-15.0,-1.0,0
17.0,-259.0,-7.0,-63.0,-14.0,0.0,0
17.0,-259.0,-8.0,-65.0,-13.0,0.0,0
13.0,-260.0,-4.0,-66.0,-14.0,-1.0,0
18.0,-261.0,-8.0,-62.0,-14.0,-3.0,0
19.0,-259.0,-6.0,-58.0,-14.0,-1.0,0
17.0,-263.0,-5.0,-49.0,-11.0,1.0,0
16.0,-259.0,-10.0,-41.0,-9.0,2.0,0
19.0,-262.0,-9.0,-33.0,-8.0,2.0,0
17.0,-259.0,-9.0,-34.0,-5.0,0.0,0
16.0,-256.0,-10.0,-38.0,1.0,-1.0,0
16.0,-258.0,-12.0,-39.0,4.0,-4.0,0
18.0,-257.0,-9.0,-43.0,8.0,-4.0,0
18.0,-256.0,-9.0,-47.0,11.0,-7.0,0
16.0,-255.0,-10.0,-48.0,12.0,-9.0,0
20.0,-251.0,-11.0,-53.0,14.0,-10.0,0
18.0,-260.0,-5.0,-55.0,16.0,-10.0,0
20.0,-260.0,-4.0,-54.0,18.0,-12.0,0
20.0,-258.0,-9.0,-49.0,20.0,-13.0,0
19.0,-254.0,-11.0,-44.0,24.0,-12.0,0
21.0,-258.0,-12.0,-39.0,28.0,-8.0,0
19.0,-257.0,-9.0,-43.0,29.0,-4.0,0
17.0,-257.0,-9.0,-54.0,30.0,-1.0,0
15.0,-260.0,-2.0,-66.0,32.0,-3.0,0
18.0,-260.0,-6.0,-74.0,31.0,-3.0,0
15.0,-261.0,-3.0,-75.0,30.0,-5.0,0
12.0,-264.0,-12.0,-69.0,29.0,-7.0,0
16.0,-263.0,-6.0,-60.0,27.0,-7.0,0
16.0,-261.0,-9.0,-52.0,24.0,-7.0,0
15.0,-260.0,-4.0,-50.0,21.0,-5.0,0
14.0,-261.0,-3.0,-50.0,19.0,-3.0,0
16.0,-259.0,-1.0,-48.0,18.0,-4.0,0
14.0,-258.0,-8.0,-46.0,16.0,-4.0,0
17.0,-261.0,-11.0,-46.0,17.0,-5.0,0
15.0,-258.0,-4.0,-48.0,17.0,-3.0,0
15.0,-259.0,-11.0,-49.0,16.0,0.0,0
17.0,-260.0,-6.0,-56.0,15.0,0.0,0
14.0,-268.0,2.0,-59.0,14.0,0.0,0
18.0,-261.0,-7.0,-59.0,15.0,-2.0,0
16.0,-257.0,-8.0,-54.0,16.0,-6.0,0
18.0,-260.0,-8.0,-46.0,18.0,-9.0,0
19.0,-256.0,-6.0,-41.0,23.0,-12.0,0
17.0,-256.0,-8.0,-40.0,26.0,-11.0,0
15.0,-255.0,-10.0,-44.0,26.0,-12.0,0
15.0,-256.0,-9.0,-52.0,24.0,-13.0,0
18.0,-257.0,-6.0,-57.0,24.0,-14.0,0
16.0,-259.0,-12.0,-62.0,23.0,-15.0,0
15.0,-256.0,-9.0,-65.0,20.0,-15.0,0
20.0,-259.0,-20.0,-67.0,16.0,-15.0,0
18.0,-260.0,-10.0,-69.0,11.0,-15.0,0
17.0,-259.0,-8.0,-71.0,6.0,-13.0,0
14.0,-258.0,-9.0,-73.0,4.0,-12.0,0
17.0,-263.0,-6.0,-77.0,1.0,-9.0,0
16.0,-258.0,-9.0,-77.0,-1.0,-7.0,0
17.0,-259.0,-6.0,-75.0,-1.0,-5.0,0
18.0,-261.0,-14.0,-75.0,-1.0,-6.0,0
16.0,-259.0,-9.0,-73.0,-1.0,-5.0,0
13.0,-257.0,-7.0,-70.0,-4.0,-4.0,0
16.0,-258.0,-13.0,-72.0,-7.0,-3.0,0
15.0,-262.0,-12.0,-77.0,-11.0,-3.0,0
13.0,-259.0,-9.0,-81.0,-15.0,-2.0,0
16.0,-261.0,-12.0,-80.0,-18.0,0.0,0
16.0,-263.0,-8.0,-80.0,-20.0,2.0,0
16.0,-266.0,-11.0,-76.0,-23.0,3.0,0
16.0,-265.0,-11.0,-68.0,-26.0,4.0,0
18.0,-264.0,-10.0,-61.0,-27.0,4.0,0
15.0,-262.0,-11.0,-54.0,-29.0,4.0,0
16.0,-262.0,-8.0,-43.0,-31.0,6.0,0
15.0,-260.0,-8.0,-37.0,-32.0,5.0,0
17.0,-259.0,-12.0,-37.0,-32.0,5.0,0
19.0,-258.0,-13.0,-42.0,-34.0,5.0,0
19.0,-258.0,-10.0,-47.0,-33.0,4.0,0
19.0,-256.0,-8.0,-51.0,-33.0,5.0,0
19.0,-256.0,-9.0,-54.0,-33.0,5.0,0
18.0,-258.0,-13.0,-54.0,-33.0,5.0,0
20.0,-259.0,-8.0,-53.0,-29.0,6.0,0
18.0,-257.0,-9.0,-50.0,-28.0,4.0,0
17.0,-259.0,-8.0,-46.0,-26.0,3.0,0
16.0,-257.0,-10.0,-39.0,-22.0,2.0,0
19.0,-262.0,-10.0,-34.0,-17.0,0.0,0
18.0,-260.0,-5.0,-30.0,-13.0,0.0,0
19.0,-260.0,-10.0,-28.0,-12.0,0.0,0
18.0,-258.0,-9.0,-27.0,-11.0,-1.0,0
18.0,-257.0,-11.0,-32.0,-11.0,-1.0,0
19.0,-258.0,-5.0,-40.0,-9.0,-3.0,0
18.0,-258.0,-10.0,-42.0,-6.0,-5.0,0
20.0,-258.0,-10.0,-41.0,-5.0,-4.0,0
19.0,-259.0,-8.0,-40.0,-3.0,-3.0,0
17.0,-260.0,-9.0,-37.0,0.0,-2.0,0
16.0,-258.0,-6.0,-39.0,2.0,-1.0,0
20.0,-260.0,-8.0,-41.0,2.0,-3.0,0
17.0,-259.0,-8.0,-40.0,2.0,-1.0,0
17.0,-261.0,-5.0,-38.0,4.0,-3.0,0
16.0,-261.0,-4.0,-35.0,3.0,-4.0,0
16.0,-262.0,-7.0,-29.0,5.0,-4.0,0
18.0,-261.0,-9.0,-20.0,7.0,-4.0,0
19.0,-261.0,-6.0,-10.0,11.0,-7.0,0
15.0,-262.0,-14.0,3.0,15.0,-7.0,0
17.0,-261.0,-10.0,13.0,17.0,-5.0,0
19.0,-263.0,-11.0,19.0,19.0,-4.0,0
16.0,-259.0,-8.0,20.0,23.0,-5.0,0
19.0,-261.0,-9.0,19.0,27.0,-4.0,0
17.0,-259.0,-13.0,15.0,29.0,-7.0,0
17.0,-257.0,-10.0,11.0,31.0,-10.0,0
15.0,-259.0,-9.0,9.0,34.0,-12.0,0
16.0,-259.0,-6.0,9.0,35.0,-12.0,0
22.0,-259.0,-9.0,8.0,37.0,-15.0,0
17.0,-265.0,-13.0,7.0,37.0,-14.0,0
19.0,-261.0,-14.0,8.0,37.0,-14.0,0
16.0,-258.0,-7.0,6.0,36.0,-14.0,0
16.0,-261.0,-11.0,6.0,33.0,-13.0,0
17.0,-258.0,-6.0,6.0,30.0,-12.0,0
16.0,-258.0,-3.0,5.0,28.0,-10.0,0
19.0,-259.0,-7.0,6.0,28.0,-12.0,0
17.0,-259.0,-10.0,3.0,27.0,-14.0,0
16.0,-258.0,-4.0,4.0,30.0,-13.0,0
15.0,-260.0,-2.0,6.0,31.0,-14.0,0
15.0,-258.0,-6.0,10.0,35.0,-14.0,0
18.0,-261.0,-1.0,16.0,36.0,-16.0,0
17.0,-258.0,-4.0,20.0,38.0,-15.0,0
14.0,-256.0,-3.0,22.0,39.0,-16.0,0
16.0,-261.0,-7.0,20.0,40.0,-16.0,0
18.0,-259.0,-3.0,15.0,42.0,-16.0,0
19.0,-258.0,-9.0,12.0,43.0,-16.0,0
18.0,-258.0,-10.0,11.0,41.0,-16.0,0
19.0,-259.0,-9.0,10.0,38.0,-16.0,0
16.0,-257.0,-4.0,8.0,35.0,-14.0,0
15.0,-257.0,-7.0,5.0,32.0,-13.0,0
15.0,-258.0,-3.0,3.0,30.0,-13.0,0
16.0,-259.0,-9.0,8.0,30.0,-13.0,0
14.0,-257.0,-6.0,11.0,33.0,-13.0,0
16.0,-258.0,-8.0,13.0,35.0,-14.0,0
17.0,-257.0,-5.0,15.0,38.0,-15.0,0
17.0,-257.0,-3.0,13.0,39.0,-14.0,0
17.0,-258.0,-7.0,8.0,42.0,-13.0,0
18.0,-258.0,-8.0,0.0,46.0,-14.0,0
20.0,-258.0,-6.0,-4.0,48.0,-16.0,0
18.0,-259.0,-1.0,-4.0,49.0,-16.0,0
17.0,-262.0,-7.0,0.0,49.0,-17.0,0
18.0,-260.0,-5.0,4.0,47.0,-19.0,0
20.0,-260.0,-3.0,8.0,46.0,-16.0,0
18.0,-260.0,-4.0,10.0,43.0,-15.0,0
17.0,-259.0,0.0,11.0,40.0,-14.0,0
18.0,-261.0,-2.0,14.0,38.0,-14.0,0
17.0,-260.0,-5.0,19.0,36.0,-13.0,0
15.0,-260.0,-3.0,23.0,35.0,-13.0,0
13.0,-258.0,-3.0,24.0,35.0,-12.0,0
19.0,-259.0,-5.0,23.0,33.0,-13.0,0
12.0,-257.0,-2.0,19.0,32.0,-13.0,0
15.0,-256.0,-7.0,11.0,29.0,-14.0,0
17.0,-257.0,-4.0,8.0,25.0,-11.0,0
13.0,-255.0,-2.0,4.0,22.0,-12.0,0
16.0,-258.0,-3.0,0.0,24.0,-10.0,0
13.0,-257.0,-7.0,-6.0,25.0,-11.0,0
14.0,-257.0,-4.0,-9.0,25.0,-11.0,0
16.0,-260.0,-3.0,-12.0,27.0,-12.0,0
17.0,-260.0,-2.0,-13.0,28.0,-12.0,0
15.0,-260.0,-6.0,-12.0,31.0,-12.0,0
17.0,-262.0,-4.0,-7.0,30.0,-9.0,0
18.0,-259.0,-6.0,-3.0,29.0,-7.0,0
20.0,-261.0,-6.0,-3.0,27.0,-5.0,0
16.0,-256.0,-4.0,-6.0,25.0,-4.0,0
16.0,-257.0,-1.0,-8.0,21.0,-2.0,0
17.0,-258.0,-1.0,-8.0,17.0,-1.0,0
17.0,-258.0,-8.0,-7.0,16.0,-1.0,0
19.0,-260.0,-5.0,-5.0,16.0,-3.0,0
19.0,-259.0,-2.0,-5.0,18.0,-5.0,0
17.0,-259.0,-2.0,-3.0,20.0,-4.0,0
18.0,-258.0,-1.0,-6.0,19.0,-5.0,0
20.0,-258.0,-2.0,-9.0,21.0,-6.0,0
19.0,-257.0,-5.0,-10.0,23.0,-5.0,0
18.0,-257.0,-3.0,-14.0,25.0,-5.0,0
16.0,-259.0,-4.0,-16.0,25.0,-8.0,0
17.0,-256.0,-5.0,-21.0,24.0,-7.0,0
18.0,-260.0,-3.0,-26.0,25.0,-8.0,0
17.0,-257.0,-2.0,-31.0,25.0,-9.0,0
19.0,-256.0,-2.0,-35.0,27.0,-7.0,0
23.0,-259.0,0.0,-40.0,28.0,-7.0,0
20.0,-256.0,-4.0,-43.0,29.0,-8.0,0
20.0,-256.0,0.0,-48.0,29.0,-7.0,0
19.0,-257.0,-4.0,-55.0,28.0,-6.0,0
21.0,-259.0,-6.0,-56.0,25.0,-4.0,0
17.0,-258.0,0.0,-59.0,23.0,-2.0,0
17.0,-258.0,0.0,-60.0,22.0,-2.0,0
17.0,-261.0,-1.0,-65.0,22.0,-5.0,0
19.0,-257.0,-1.0,-70.0,23.0,-4.0,0
14.0,-258.0,-1.0,-75.0,23.0,-4.0,0
16.0,-258.0,-5.0,-78.0,24.0,-3.0,0
16.0,-258.0,-5.0,-81.0,26.0,-4.0,0
18.0,-259.0,-1.0,-82.0,26.0,-5.0,0
17.0,-259.0,-6.0,-81.0,27.0,-6.0,0
15.0,-257.0,-6.0,-80.0,28.0,-8.0,0
14.0,-259.0,-2.0,-80.0,30.0,-10.0,0
18.0,-260.0,-1.0,-79.0,31.0,-11.0,0
20.0,-262.0,-1.0,-81.0,33.0,-12.0,0
16.0,-258.0,-3.0,-78.0,34.0,-12.0,0
18.0,-259.0,-3.0,-75.0,33.0,-11.0,0
19.0,-261.0,-7.0,-73.0,33.0,-12.0,0
16.0,-260.0,-2.0,-72.0,34.0,-10.0,0
18.0,-261.0,-1.0,-71.0,34.0,-9.0,0
18.0,-259.0,0.0,-73.0,35.0,-9.0,0
19.0,-258.0,-4.0,-72.0,34.0,-10.0,0
18.0,-262.0,-3.0,-72.0,35.0,-9.0,0
18.0,-258.0,-2.0,-71.0,36.0,-8.0,0
19.0,-257.0,-6.0,-70.0,37.0,-7.0,0
19.0,-259.0,-4.0,-68.0,37.0,-8.0,0
19.0,-258.0,-8.0,-68.0,37.0,-7.0,0
14.0,-256.0,-5.0,-70.0,37.0,-8.0,0
20.0,-258.0,-10.0,-74.0,36.0,-7.0,0
19.0,-259.0,-1.0,-75.0,36.0,-7.0,0
18.0,-259.0,-5.0,-77.0,36.0,-8.0,0
23.0,-248.0,-17.0,-78.0,35.0,-8.0,0
17.0,-259.0,-3.0,-78.0,35.0,-5.0,0
17.0,-259.0,-2.0,-79.0,37.0,-6.0,0
19.0,-263.0,-4.0,-76.0,38.0,-6.0,0
17.0,-264.0,-2.0,-72.0,39.0,-8.0,0
16.0,-261.0,-12.0,-66.0,40.0,-9.0,0
18.0,-262.0,-5.0,-66.0,40.0,-10.0,0
17.0,-260.0,-8.0,-65.0,38.0,-10.0,0
19.0,-258.0,-4.0,-66.0,36.0,-8.0,0
18.0,-261.0,-1.0,-68.0,34.0,-8.0,0
19.0,-259.0,-5.0,-71.0,31.0,-7.0,0
15.0,-250.0,-18.0,-73.0,30.0,-7.0,0
16.0,-258.0,-5.0,-74.0,27.0,-9.0,0
17.0,-257.0,-10.0,-72.0,30.0,-10.0,0
18.0,-258.0,-2.0,-74.0,32.0,-13.0,0
17.0,-257.0,-1.0,-75.0,36.0,-14.0,0
18.0,-258.0,-7.0,-76.0,39.0,-16.0,0
16.0,-257.0,-7.0,-76.0,41.0,-14.0,0
19.0,-257.0,-5.0,-76.0,40.0,-15.0,0
13.0,-259.0,-3.0,-78.0,39.0,-14.0,0
19.0,-258.0,-6.0,-81.0,36.0,-11.0,0
20.0,-257.0,-7.0,-83.0,33.0,-10.0,0
22.0,-253.0,-11.0,-84.0,29.0,-9.0,0
16.0,-260.0,-1.0,-83.0,27.0,-8.0,0
18.0,-259.0,-2.0,-85.0,24.0,-6.0,0
16.0,-258.0,-4.0,-85.0,22.0,-5.0,0
19.0,-260.0,-2.0,-88.0,19.0,-6.0,0
17.0,-257.0,-4.0,-91.0,17.0,-6.0,0
18.0,-258.0,-6.0,-93.0,15.0,-8.0,0
18.0,-259.0,-4.0,-93.0,17.0,-8.0,0
19.0,-261.0,-6.0,-89.0,19.0,-9.0,0
16.0,-260.0,-6.0,-84.0,25.0,-12.0,0
16.0,-260.0,9.0,-79.0,30.0,-14.0,0
16.0,-260.0,-8.0,-75.0,32.0,-15.0,0
17.0,-258.0,-9.0,-76.0,32.0,-15.0,0
17.0,-257.0,-6.0,-81.0,31.0,-17.0,0
18.0,-259.0,-2.0,-86.0,32.0,-17.0,0
18.0,-259.0,-4.0,-89.0,32.0,-17.0,0
18.0,-261.0,-5.0,-91.0,33.0,-17.0,0
17.0,-258.0,-7.0,-87.0,34.0,-18.0,0
18.0,-260.0,-2.0,-85.0,33.0,-17.0,0
16.0,-262.0,-4.0,-83.0,30.0,-16.0,0
17.0,-259.0,-8.0,-82.0,28.0,-13.0,0
17.0,-256.0,-3.0,-82.0,26.0,-12.0,0
18.0,-258.0,-6.0,-82.0,27.0,-11.0,0
18.0,-258.0,-6.0,-82.0,25.0,-8.0,0
17.0,-260.0,-8.0,-81.0,26.0,-9.0,0
14.0,-258.0,-3.0,-80.0,29.0,-9.0,0
17.0,-258.0,-3.0,-79.0,28.0,-7.0,0
19.0,-258.0,-7.0,-76.0,27.0,-7.0,0
17.0,-259.0,-4.0,-77.0,25.0,-7.0,0
18.0,-261.0,-7.0,-78.0,24.0,-6.0,0
16.0,-259.0,-5.0,-80.0,20.0,-5.0,0
18.0,-260.0,-9.0,-82.0,17.0,-4.0,0
14.0,-257.0,-3.0,-86.0,15.0,-4.0,0
16.0,-257.0,-6.0,-88.0,14.0,-3.0,0
16.0,-261.0,-9.0,-92.0,12.0,-3.0,0
18.0,-261.0,-6.0,-94.0,13.0,-3.0,0
17.0,-258.0,-10.0,-94.0,12.0,-3.0,0
17.0,-258.0,-8.0,-96.0,10.0,-4.0,0
17.0,-258.0,-7.0,-96.0,10.0,-3.0,0
18.0,-257.0,-3.0,-95.0,8.0,-3.0,0
16.0,-260.0,-3.0,-95.0,9.0,-5.0,0
18.0,-257.0,-6.0,-93.0,9.0,-7.0,0
15.0,-259.0,-4.0,-91.0,9.0,-6.0,0
16.0,-259.0,-9.0,-86.0,9.0,-6.0,0
17.0,-257.0,-6.0,-82.0,8.0,-6.0,0
15.0,-258.0,-10.0,-80.0,11.0,-5.0,0
17.0,-257.0,-9.0,-79.0,12.0,-8.0,0
18.0,-259.0,-11.0,-84.0,11.0,-7.0,0
17.0,-258.0,-11.0,-88.0,11.0,-9.0,0
20.0,-260.0,-12.0,-92.0,12.0,-8.0,0
19.0,-260.0,-6.0,-94.0,12.0,-8.0,0
20.0,-261.0,-8.0,-98.0,11.0,-7.0,0
17.0,-260.0,-7.0,-100.0,11.0,-6.0,0
18.0,-261.0,-6.0,-98.0,13.0,-7.0,0
18.0,-259.0,-8.0,-98.0,14.0,-8.0,0
19.0,-258.0,-4.0,-95.0,14.0,-8.0,0
18.0,-260.0,-8.0,-91.0,15.0,-8.0,0
19.0,-260.0,-4.0,-87.0,16.0,-6.0,0
17.0,-262.0,-9.0,-82.0,17.0,-7.0,0
18.0,-259.0,-9.0,-76.0,21.0,-6.0,0
18.0,-261.0,-10.0,-74.0,24.0,-6.0,0
18.0,-262.0,-15.0,-73.0,23.0,-5.0,0
15.0,-260.0,-9.0,-75.0,24.0,-3.0,0
14.0,-257.0,-16.0,-78.0,21.0,-3.0,0
17.0,-259.0,-11.0,-82.0,18.0,-1.0,0
21.0,-260.0,-12.0,-83.0,16.0,-2.0,0
20.0,-260.0,-7.0,-84.0,14.0,-2.0,0
16.0,-260.0,-6.0,-83.0,13.0,0.0,0
18.0,-259.0,-9.0,-82.0,13.0,-2.0,0
18.0,-260.0,-6.0,-82.0,14.0,-2.0,0
18.0,-260.0,-11.0,-79.0,14.0,-4.0,0
20.0,-260.0,-8.0,-78.0,13.0,-3.0,0
19.0,-261.0,-5.0,-74.0,15.0,-3.0,0
18.0,-259.0,-12.0,-72.0,16.0,-4.0,0
19.0,-259.0,-9.0,-72.0,16.0,-5.0,0
17.0,-261.0,-9.0,-71.0,18.0,-4.0,0
16.0,-259.0,-10.0,-70.0,19.0,-5.0,0
21.0,-257.0,-7.0,-73.0,20.0,-6.0,0
19.0,-258.0,-9.0,-74.0,23.0,-7.0,0
17.0,-258.0,-12.0,-82.0,26.0,-8.0,0
19.0,-260.0,-10.0,-88.0,26.0,-8.0,0
20.0,-259.0,-10.0,-91.0,29.0,-8.0,0
20.0,-259.0,-11.0,-93.0,27.0,-6.0,0
19.0,-259.0,-8.0,-90.0,28.0,-6.0,0
17.0,-259.0,-13.0,-90.0,27.0,-8.0,0
13.0,-259.0,-7.0,-89.0,25.0,-9.0,0
19.0,-259.0,-11.0,-91.0,23.0,-9.0,0
16.0,-262.0,-12.0,-89.0,24.0,-9.0,0
19.0,-261.0,-11.0,-89.0,25.0,-9.0,0
17.0,-260.0,-13.0,-89.0,26.0,-10.0,0
17.0,-258.0,-9.0,-86.0,30.0,-12.0,0
18.0,-258.0,-12.0,-87.0,32.0,-12.0,0
18.0,-255.0,-10.0,-89.0,33.0,-14.0,0
17.0,-257.0,-10.0,-92.0,34.0,-16.0,0
20.0,-260.0,-11.0,-94.0,35.0,-16.0,0
18.0,-259.0,-10.0,-95.0,35.0,-14.0,0
18.0,-262.0,-9.0,-93.0,36.0,-13.0,0
19.0,-260.0,-9.0,-91.0,37.0,-13.0,0
19.0,-262.0,-13.0,-89.0,36.0,-12.0,0
17.0,-264.0,-9.0,-86.0,38.0,-12.0,0
18.0,-258.0,-10.0,-83.0,38.0,-12.0,0
21.0,-259.0,-9.0,-83.0,41.0,-13.0,0
18.0,-259.0,-8.0,-82.0,43.0,-14.0,0
19.0,-262.0,-7.0,-83.0,44.0,-14.0,0
20.0,-260.0,-13.0,-82.0,44.0,-14.0,0
19.0,-261.0,-8.0,-82.0,42.0,-14.0,0
18.0,-259.0,-10.0,-83.0,42.0,-14.0,0
20.0,-261.0,-11.0,-81.0,41.0,-12.0,0
21.0,-259.0,-14.0,-80.0,37.0,-11.0,0
18.0,-258.0,-13.0,-80.0,36.0,-9.0,0
18.0,-259.0,-12.0,-81.0,32.0,-7.0,0
19.0,-261.0,-13.0,-80.0,28.0,-5.0,0
15.0,-260.0,-13.0,-81.0,26.0,-6.0,0
14.0,-258.0,-11.0,-81.0,26.0,-6.0,0
17.0,-262.0,-6.0,-83.0,26.0,-6.0,0
17.0,-263.0,-11.0,-80.0,28.0,-6.0,0
15.0,-261.0,-14.0,-76.0,29.0,-9.0,0
19.0,-263.0,-5.0,-73.0,32.0,-9.0,0
16.0,-257.0,-9.0,-70.0,36.0,-12.0,0
18.0,-260.0,-11.0,-67.0,40.0,-13.0,0
19.0,-262.0,-13.0,-62.0,41.0,-14.0,0
14.0,-256.0,-13.0,-62.0,41.0,-16.0,0
16.0,-258.0,-14.0,-63.0,40.0,-16.0,0
19.0,-258.0,-15.0,-67.0,38.0,-16.0,0
19.0,-259.0,-11.0,-74.0,36.0,-15.0,0
17.0,-256.0,-14.0,-81.0,33.0,-15.0,0
17.0,-260.0,-15.0,-86.0,32.0,-15.0,0
18.0,-259.0,-11.0,-86.0,31.0,-15.0,0
19.0,-261.0,-13.0,-87.0,27.0,-14.0,0
22.0,-261.0,-12.0,-87.0,25.0,-12.0,0
21.0,-262.0,-13.0,-85.0,25.0,-11.0,0
20.0,-259.0,-12.0,-82.0,24.0,-8.0,0
19.0,-259.0,-13.0,-79.0,24.0,-8.0,0
18.0,-260.0,-13.0,-78.0,26.0,-9.0,0
23.0,-259.0,-11.0,-74.0,30.0,-8.0,0
15.0,-256.0,-12.0,-73.0,31.0,-9.0,0
20.0,-258.0,-14.0,-76.0,29.0,-7.0,0
17.0,-257.0,-14.0,-81.0,30.0,-9.0,0
19.0,-257.0,-13.0,-86.0,31.0,-7.0,0
18.0,-260.0,-17.0,-88.0,31.0,-9.0,0
18.0,-260.0,-15.0,-92.0,31.0,-10.0,0
18.0,-257.0,-14.0,-92.0,31.0,-10.0,0
20.0,-260.0,-16.0,-92.0,31.0,-11.0,0
17.0,-259.0,-19.0,-95.0,30.0,-11.0,0
22.0,-262.0,-14.0,-95.0,29.0,-10.0,0
18.0,-260.0,-15.0,-94.0,30.0,-9.0,0
19.0,-263.0,-8.0,-91.0,28.0,-9.0,0
21.0,-263.0,-15.0,-85.0,28.0,-8.0,0
18.0,-262.0,-17.0,-80.0,29.0,-10.0,0
16.0,-261.0,-12.0,-78.0,30.0,-11.0,0
16.0,-257.0,-14.0,-79.0,33.0,-12.0,0
18.0,-259.0,-15.0,-80.0,34.0,-13.0,0
19.0,-259.0,-15.0,-80.0,38.0,-14.0,0
20.0,-262.0,-16.0,-76.0,38.0,-15.0,0
18.0,-260.0,-14.0,-70.0,38.0,-16.0,0
18.0,-260.0,-18.0,-69.0,38.0,-17.0,0
20.0,-262.0,-13.0,-66.0,40.0,-16.0,0
17.0,-261.0,-18.0,-68.0,40.0,-16.0,0
18.0,-259.0,-21.0,-67.0,39.0,-14.0,0
17.0,-260.0,-14.0,-64.0,38.0,-13.0,0
21.0,-259.0,-17.0,-63.0,39.0,-14.0,0
22.0,-261.0,-16.0,-60.0,38.0,-13.0,0
12.0,-258.0,-27.0,-56.0,38.0,-13.0,0
19.0,-259.0,-21.0,-55.0,38.0,-12.0,0
17.0,-260.0,-14.0,-58.0,38.0,-10.0,0
20.0,-258.0,-16.0,-60.0,36.0,-10.0,0
19.0,-260.0,-14.0,-63.0,38.0,-12.0,0
21.0,-259.0,-11.0,-62.0,37.0,-11.0,0
23.0,-260.0,-12.0,-63.0,39.0,-11.0,0
19.0,-256.0,-16.0,-63.0,39.0,-10.0,0
19.0,-258.0,-15.0,-61.0,40.0,-11.0,0
21.0,-259.0,-18.0,-60.0,38.0,-11.0,0
20.0,-261.0,-12.0,-61.0,38.0,-10.0,0
21.0,-275.0,-5.0,-62.0,36.0,-8.0,0
20.0,-260.0,-12.0,-63.0,33.0,-9.0,0
18.0,-261.0,-12.0,-64.0,32.0,-8.0,0
18.0,-260.0,-16.0,-65.0,32.0,-9.0,0
18.0,-260.0,-14.0,-63.0,32.0,-10.0,0
18.0,-258.0,-14.0,-64.0,35.0,-10.0,0
23.0,-261.0,-15.0,-67.0,38.0,-13.0,0
18.0,-260.0,-13.0,-66.0,38.0,-13.0,0
18.0,-260.0,-14.0,-64.0,42.0,-15.0,0
19.0,-264.0,-10.0,-62.0,44.0,-15.0,0
18.0,-263.0,-10.0,-60.0,46.0,-15.0,0
21.0,-258.0,-27.0,-57.0,46.0,-16.0,0
19.0,-259.0,-15.0,-53.0,45.0,-16.0,0
17.0,-258.0,-19.0,-49.0,45.0,-17.0,0
22.0,-262.0,-19.0,-48.0,46.0,-16.0,0
18.0,-261.0,-14.0,-47.0,44.0,-14.0,0
21.0,-260.0,-17.0,-48.0,43.0,-12.0,0
18.0,-261.0,-18.0,-49.0,43.0,-11.0,0
21.0,-259.0,-13.0,-50.0,40.0,-10.0,0
20.0,-258.0,-16.0,-52.0,40.0,-7.0,0
19.0,-261.0,-14.0,-51.0,38.0,-5.0,0
18.0,-260.0,-16.0,-52.0,37.0,-6.0,0
20.0,-259.0,-12.0,-52.0,37.0,-5.0,0
19.0,-260.0,-16.0,-53.0,37.0,-5.0,0
19.0,-260.0,-13.0,-51.0,36.0,-7.0,0
18.0,-260.0,-19.0,-47.0,36.0,-8.0,0
17.0,-261.0,-17.0,-43.0,38.0,-8.0,0
18.0,-258.0,-16.0,-42.0,40.0,-9.0,0
18.0,-259.0,-10.0,-42.0,41.0,-9.0,0
18.0,-259.0,-13.0,-42.0,43.0,-8.0,0
18.0,-259.0,-15.0,-40.0,43.0,-6.0,0
18.0,-257.0,-16.0,-38.0,43.0,-8.0,0
18.0,-262.0,-16.0,-36.0,42.0,-10.0,0
18.0,-259.0,-15.0,-36.0,42.0,-10.0,0
16.0,-257.0,-13.0,-38.0,41.0,-13.0,0
16.0,-260.0,-12.0,-37.0,39.0,-13.0,0
18.0,-260.0,-11.0,-37.0,37.0,-12.0,0
18.0,-261.0,-14.0,-37.0,37.0,-11.0,0
18.0,-260.0,-15.0,-41.0,36.0,-11.0,0
15.0,-257.0,-21.0,-43.0,36.0,-9.0,0
16.0,-259.0,-14.0,-43.0,33.0,-8.0,0
16.0,-257.0,-15.0,-45.0,31.0,-6.0,0
17.0,-259.0,-16.0,-44.0,31.0,-5.0,0
16.0,-259.0,-17.0,-44.0,28.0,-6.0,0
16.0,-260.0,-16.0,-45.0,26.0,-5.0,0
17.0,-262.0,-17.0,-44.0,22.0,-6.0,0
17.0,-262.0,-12.0,-44.0,20.0,-5.0,0
15.0,-261.0,-13.0,-41.0,21.0,-4.0,0
16.0,-260.0,-8.0,-35.0,22.0,-4.0,0
16.0,-264.0,-12.0,-30.0,23.0,-5.0,0
15.0,-262.0,-17.0,-22.0,26.0,-6.0,0
21.0,-262.0,-13.0,-17.0,28.0,-6.0,0
19.0,-259.0,-17.0,-14.0,28.0,-7.0,0
18.0,-258.0,-18.0,-18.0,27.0,-7.0,0
16.0,-259.0,-19.0,-25.0,25.0,-6.0,0
19.0,-259.0,-21.0,-33.0,22.0,-7.0,0
18.0,-258.0,-16.0,-37.0,25.0,-8.0,0
20.0,-263.0,-14.0,-38.0,27.0,-8.0,0
18.0,-258.0,-16.0,-33.0,26.0,-10.0,0
19.0,-260.0,-16.0,-29.0,27.0,-8.0,0
20.0,-262.0,-13.0,-25.0,27.0,-9.0,0
18.0,-261.0,-16.0,-22.0,25.0,-7.0,0
18.0,-259.0,-9.0,-20.0,25.0,-7.0,0
15.0,-264.0,-12.0,-19.0,24.0,-7.0,0
18.0,-258.0,-11.0,-16.0,26.0,-7.0,0
18.0,-262.0,-14.0,-14.0,25.0,-6.0,0
18.0,-258.0,-12.0,-13.0,25.0,-6.0,0
17.0,-259.0,-13.0,-16.0,26.0,-6.0,0
15.0,-257.0,-14.0,-18.0,27.0,-6.0,0
19.0,-259.0,-14.0,-20.0,27.0,-5.0,0
18.0,-258.0,-15.0,-22.0,27.0,-5.0,0
18.0,-258.0,-13.0,-21.0,27.0,-5.0,0
17.0,-258.0,-17.0,-22.0,26.0,-5.0,0
20.0,-261.0,-11.0,-22.0,25.0,-5.0,0
20.0,-261.0,-12.0,-22.0,25.0,-3.0,0
20.0,-261.0,-15.0,-24.0,24.0,-3.0,0
20.0,-260.0,-15.0,-24.0,23.0,-2.0,0
21.0,-257.0,-13.0,-24.0,22.0,-2.0,0
19.0,-260.0,-14.0,-25.0,20.0,0.0,0
20.0,-261.0,-13.0,-25.0,18.0,2.0,0
20.0,-261.0,-16.0,-24.0,15.0,5.0,0
21.0,-264.0,-12.0,-21.0,11.0,5.0,0
16.0,-261.0,-13.0,-17.0,10.0,5.0,0
18.0,-258.0,-10.0,-14.0,8.0,4.0,0
20.0,-260.0,-12.0,-9.0,7.0,2.0,0
17.0,-259.0,-12.0,-8.0,8.0,1.0,0
16.0,-258.0,-15.0,-8.0,10.0,0.0,0
17.0,-258.0,-13.0,-11.0,14.0,-2.0,0
18.0,-258.0,-17.0,-15.0,18.0,-1.0,0
19.0,-260.0,-12.0,-18.0,20.0,-5.0,0
21.0,-260.0,-14.0,-18.0,24.0,-6.0,0
20.0,-261.0,-12.0,-19.0,25.0,-8.0,0
18.0,-263.0,-13.0,-20.0,29.0,-9.0,0
17.0,-260.0,-16.0,-18.0,30.0,-10.0,0
18.0,-262.0,-13.0,-12.0,35.0,-11.0,0
16.0,-262.0,-13.0,-4.0,39.0,-14.0,0
20.0,-263.0,-16.0,5.0,41.0,-16.0,0
17.0,-261.0,-18.0,13.0,42.0,-15.0,0
19.0,-261.0,-15.0,17.0,41.0,-12.0,0
18.0,-259.0,-15.0,20.0,39.0,-12.0,0
22.0,-261.0,-16.0,17.0,36.0,-8.0,0
19.0,-259.0,-14.0,14.0,33.0,-6.0,0
20.0,-259.0,-14.0,13.0,31.0,-5.0,0
20.0,-261.0,-15.0,15.0,31.0,-5.0,0
18.0,-262.0,-14.0,16.0,28.0,-2.0,0
14.0,-261.0,-13.0,21.0,29.0,-2.0,0
17.0,-258.0,-15.0,24.0,27.0,-1.0,0
18.0,-261.0,-8.0,24.0,26.0,-1.0,0
17.0,-259.0,-14.0,25.0,24.0,0.0,0
19.0,-259.0,-11.0,26.0,21.0,2.0,0
18.0,-257.0,-14.0,23.0,27.0,2.0,0
19.0,-257.0,-15.0,16.0,31.0,1.0,0
18.0,-259.0,-12.0,9.0,32.0,2.0,0
17.0,-259.0,-12.0,6.0,32.0,2.0,0
18.0,-263.0,-11.0,8.0,28.0,3.0,0
20.0,-260.0,-12.0,11.0,26.0,5.0,0
15.0,-259.0,-11.0,13.0,23.0,4.0,0
19.0,-257.0,-13.0,16.0,22.0,6.0,0
20.0,-257.0,-7.0,16.0,20.0,6.0,0
18.0,-259.0,-10.0,16.0,18.0,4.0,0
20.0,-260.0,-7.0,18.0,14.0,4.0,0
18.0,-259.0,-11.0,18.0,12.0,2.0,0
18.0,-260.0,-9.0,19.0,10.0,3.0,0
17.0,-257.0,-9.0,19.0,10.0,2.0,0
20.0,-259.0,-10.0,18.0,10.0,2.0,0
21.0,-258.0,-13.0,17.0,10.0,2.0,0
19.0,-258.0,-10.0,16.0,9.0,3.0,0
19.0,-261.0,-10.0,13.0,10.0,2.0,0
19.0,-261.0,-12.0,14.0,10.0,2.0,0
17.0,-263.0,-12.0,16.0,9.0,2.0,0
17.0,-259.0,-11.0,21.0,10.0,3.0,0
17.0,-259.0,-9.0,22.0,9.0,2.0,0
17.0,-260.0,-15.0,24.0,10.0,2.0,0
18.0,-258.0,-10.0,25.0,10.0,3.0,0
17.0,-258.0,-14.0,20.0,10.0,4.0,0
19.0,-257.0,-9.0,14.0,7.0,5.0,0
18.0,-257.0,-11.0,8.0,4.0,5.0,0
19.0,-258.0,-8.0,2.0,2.0,8.0,0
19.0,-260.0,-3.0,-5.0,1.0,9.0,0
18.0,-258.0,-6.0,-9.0,-1.0,8.0,0
20.0,-257.0,-7.0,-11.0,-1.0,7.0,0
18.0,-259.0,-7.0,-11.0,-1.0,6.0,0
23.0,-263.0,-1.0,-6.0,0.0,5.0,0
22.0,-262.0,-7.0,1.0,0.0,6.0,0
18.0,-261.0,-4.0,5.0,0.0,6.0,0
15.0,-258.0,-8.0,9.0,1.0,8.0,0
19.0,-260.0,-6.0,11.0,2.0,6.0,0
20.0,-259.0,-7.0,12.0,4.0,6.0,0
19.0,-256.0,-9.0,12.0,4.0,5.0,0
19.0,-261.0,-6.0,9.0,4.0,5.0,0
20.0,-259.0,-10.0,6.0,3.0,6.0,0
18.0,-260.0,-4.0,6.0,3.0,7.0,0
21.0,-260.0,-12.0,9.0,3.0,7.0,0
18.0,-259.0,-9.0,15.0,2.0,5.0,0
20.0,-260.0,-9.0,18.0,5.0,4.0,0
19.0,-261.0,-9.0,19.0,6.0,3.0,0
18.0,-259.0,-12.0,13.0,6.0,2.0,0
18.0,-259.0,-13.0,8.0,7.0,1.0,0
19.0,-262.0,-10.0,3.0,10.0,-1.0,0
17.0,-258.0,-8.0,0.0,12.0,-2.0,0
18.0,-263.0,-5.0,2.0,15.0,-5.0,0
17.0,-260.0,-4.0,5.0,18.0,-8.0,0
18.0,-259.0,-3.0,11.0,20.0,-9.0,0
15.0,-259.0,-6.0,16.0,22.0,-11.0,0
19.0,-262.0,-4.0,20.0,22.0,-10.0,0
17.0,-260.0,-5.0,22.0,21.0,-11.0,0
17.0,-258.0,-7.0,19.0,20.0,-9.0,0
18.0,-257.0,-8.0,15.0,21.0,-9.0,0
19.0,-258.0,-7.0,9.0,20.0,-7.0,0
23.0,-259.0,-7.0,1.0,20.0,-6.0,0
20.0,-256.0,-5.0,-9.0,19.0,-5.0,0
19.0,-257.0,-4.0,-16.0,18.0,-5.0,0
17.0,-260.0,-6.0,-18.0,14.0,-4.0,0
17.0,-257.0,-8.0,-18.0,13.0,-1.0,0
18.0,-260.0,-4.0,-13.0,12.0,-1.0,0
17.0,-259.0,-6.0,-10.0,13.0,-2.0,0
20.0,-260.0,-2.0,-7.0,13.0,-2.0,0
17.0,-259.0,-6.0,-5.0,14.0,-3.0,0
15.0,-261.0,-9.0,-5.0,14.0,-3.0,0
14.0,-258.0,-1.0,-7.0,13.0,-3.0,0
17.0,-257.0,-6.0,-9.0,14.0,-4.0,0
22.0,-259.0,-6.0,-11.0,18.0,-5.0,0
17.0,-258.0,-4.0,-13.0,15.0,-6.0,0
17.0,-260.0,-3.0,-12.0,16.0,-8.0,0
18.0,-260.0,-7.0,-10.0,15.0,-6.0,0
24.0,-259.0,-17.0,-7.0,18.0,-5.0,0
14.0,-257.0,-5.0,-5.0,17.0,-5.0,0
19.0,-260.0,-4.0,-7.0,17.0,-4.0,0
15.0,-258.0,-6.0,-9.0,15.0,-4.0,0
15.0,-258.0,-9.0,-13.0,13.0,-3.0,0
16.0,-259.0,-6.0,-15.0,14.0,-2.0,0
18.0,-259.0,-9.0,-16.0,15.0,0.0,0
15.0,-258.0,-5.0,-17.0,15.0,2.0,0
18.0,-260.0,-6.0,-17.0,17.0,3.0,0
16.0,-259.0,-7.0,-19.0,17.0,2.0,0
20.0,-261.0,-9.0,-19.0,18.0,1.0,0
29.0,-255.0,-6.0,-17.0,20.0,1.0,0
18.0,-260.0,-8.0,-15.0,24.0,-1.0,0
15.0,-261.0,-6.0,-14.0,25.0,-1.0,0
14.0,-258.0,-7.0,-13.0,24.0,-4.0,0
16.0,-258.0,-2.0,-12.0,23.0,-4.0,0
20.0,-259.0,-3.0,-13.0,21.0,-5.0,0
20.0,-258.0,-6.0,-14.0,19.0,-3.0,0
19.0,-260.0,-3.0,-15.0,17.0,-3.0,0
15.0,-257.0,-4.0,-17.0,15.0,-2.0,0
18.0,-259.0,-7.0,-16.0,14.0,-4.0,0
15.0,-258.0,0.0,-18.0,13.0,-4.0,0
26.0,-260.0,-3.0,-18.0,12.0,-4.0,0
13.0,-255.0,-4.0,-18.0,10.0,-5.0,0
17.0,-259.0,-6.0,-19.0,8.0,-4.0,0
16.0,-260.0,-6.0,-18.0,6.0,-2.0,0
15.0,-259.0,-3.0,-19.0,3.0,-1.0,0
15.0,-258.0,-5.0,-18.0,4.0,-3.0,0
13.0,-259.0,-5.0,-17.0,3.0,-2.0,0
13.0,-257.0,-2.0,-18.0,2.0,-2.0,0
20.0,-259.0,-4.0,-21.0,1.0,-2.0,0
15.0,-258.0,-2.0,-21.0,0.0,-1.0,0
17.0,-257.0,-8.0,-23.0,1.0,-2.0,0
20.0,-261.0,-4.0,-25.0,2.0,-2.0,0
17.0,-259.0,-2.0,-27.0,4.0,-3.0,0
20.0,-261.0,-3.0,-29.0,3.0,-5.0,0
16.0,-260.0,-6.0,-29.0,2.0,-4.0,0
18.0,-258.0,-2.0,-31.0,4.0,-5.0,0
17.0,-260.0,-4.0,-29.0,4.0,-6.0,0
22.0,-260.0,-2.0,-28.0,5.0,-7.0,0
19.0,-259.0,-5.0,-24.0,5.0,-8.0,0
15.0,-257.0,-2.0,-22.0,4.0,-6.0,0
15.0,-258.0,-1.0,-18.0,4.0,-7.0,0
17.0,-256.0,-3.0,-17.0,3.0,-8.0,0
17.0,-256.0,-2.0,-20.0,5.0,-8.0,0
18.0,-257.0,-8.0,-25.0,6.0,-7.0,0
16.0,-259.0,-2.0,-28.0,6.0,-7.0,0
16.0,-259.0,-3.0,-29.0,9.0,-5.0,0
19.0,-258.0,-6.0,-30.0,11.0,-7.0,0
18.0,-257.0,-5.0,-29.0,12.0,-7.0,0
18.0,-262.0,-2.0,-25.0,13.0,-8.0,0
16.0,-261.0,-4.0,-22.0,13.0,-5.0,0
20.0,-262.0,-1.0,-18.0,15.0,-6.0,0
17.0,-258.0,-6.0,-15.0,15.0,-5.0,0
17.0,-259.0,-5.0,-14.0,13.0,-5.0,0
21.0,-259.0,0.0,-14.0,13.0,-5.0,0
20.0,-259.0,-1.0,-15.0,12.0,-4.0,0
15.0,-260.0,-3.0,-15.0,9.0,-3.0,0
19.0,-258.0,-2.0,-20.0,9.0,-3.0,0
18.0,-260.0,-2.0,-22.0,11.0,-4.0,0
16.0,-259.0,-3.0,-24.0,11.0,-2.0,0
15.0,-257.0,-2.0,-22.0,13.0,-3.0,0
20.0,-263.0,0.0,-23.0,13.0,-3.0,0
15.0,-258.0,0.0,-22.0,15.0,-3.0,0
16.0,-258.0,-4.0,-18.0,17.0,-4.0,0
17.0,-257.0,-1.0,-14.0,19.0,-5.0,0
16.0,-259.0,-3.0,-11.0,19.0,-5.0,0
15.0,-256.0,-2.0,-11.0,19.0,-5.0,0
17.0,-256.0,-3.0,-14.0,16.0,-3.0,0
18.0,-256.0,-1.0,-21.0,14.0,-2.0,0
15.0,-257.0,-6.0,-23.0,13.0,-1.0,0
18.0,-259.0,-2.0,-22.0,13.0,-2.0,0
17.0,-257.0,-2.0,-21.0,14.0,-3.0,0
16.0,-259.0,-1.0,-19.0,15.0,-2.0,0
18.0,-259.0,-3.0,-21.0,17.0,-3.0,0
18.0,-256.0,-4.0,-26.0,17.0,-4.0,0
18.0,-257.0,-3.0,-31.0,17.0,-4.0,0
14.0,-259.0,-3.0,-34.0,18.0,-6.0,0
15.0,-258.0,-6.0,-35.0,20.0,-7.0,0
18.0,-259.0,0.0,-35.0,22.0,-8.0,0
16.0,-259.0,0.0,-31.0,24.0,-8.0,0
17.0,-260.0,-2.0,-27.0,25.0,-9.0,0
17.0,-256.0,-3.0,-23.0,24.0,-8.0,0
17.0,-257.0,-3.0,-20.0,23.0,-8.0,0
16.0,-256.0,1.0,-19.0,24.0,-6.0,0
19.0,-256.0,-4.0,-18.0,24.0,-7.0,0
19.0,-257.0,0.0,-20.0,23.0,-6.0,0
19.0,-257.0,-3.0,-23.0,23.0,-5.0,0
20.0,-259.0,-3.0,-24.0,22.0,-7.0,0
19.0,-257.0,-1.0,-28.0,21.0,-5.0,0
17.0,-259.0,-1.0,-29.0,21.0,-3.0,0
19.0,-262.0,-2.0,-30.0,18.0,-1.0,0
20.0,-257.0,-2.0,-28.0,16.0,0.0,0
16.0,-259.0,2.0,-26.0,15.0,0.0,0
14.0,-259.0,0.0,-24.0,14.0,1.0,0
16.0,-259.0,-5.0,-24.0,13.0,0.0,0
15.0,-258.0,-5.0,-22.0,15.0,0.0,0
20.0,-258.0,-1.0,-21.0,17.0,-2.0,0
19.0,-260.0,-1.0,-19.0,17.0,-1.0,0
20.0,-261.0,-3.0,-18.0,19.0,-4.0,0
18.0,-258.0,0.0,-18.0,19.0,-4.0,0
17.0,-259.0,-2.0,-16.0,20.0,-4.0,0
18.0,-258.0,-1.0,-19.0,18.0,-5.0,0
19.0,-257.0,-4.0,-20.0,17.0,-5.0,0
18.0,-258.0,0.0,-21.0,17.0,-6.0,0
14.0,-260.0,-1.0,-20.0,18.0,-6.0,0
17.0,-258.0,-2.0,-18.0,18.0,-7.0,0
16.0,-260.0,1.0,-18.0,17.0,-7.0,0
15.0,-259.0,0.0,-16.0,17.0,-6.0,0
16.0,-258.0,0.0,-13.0,14.0,-6.0,0
20.0,-263.0,0.0,-15.0,13.0,-5.0,0
17.0,-259.0,-2.0,-16.0,11.0,-5.0,0
18.0,-257.0,-2.0,-17.0,13.0,-5.0,0
15.0,-259.0,-1.0,-18.0,12.0,-5.0,0
17.0,-256.0,-1.0,-18.0,11.0,-6.0,0
22.0,-260.0,0.0,-18.0,11.0,-7.0,0
16.0,-257.0,-2.0,-20.0,12.0,-6.0,0
18.0,-259.0,-1.0,-22.0,12.0,-6.0,0
19.0,-257.0,0.0,-21.0,12.0,-4.0,0
18.0,-259.0,0.0,-22.0,12.0,-4.0,0
18.0,-257.0,0.0,-20.0,11.0,-3.0,0
19.0,-258.0,1.0,-19.0,10.0,-4.0,0
21.0,-258.0,-1.0,-20.0,9.0,-4.0,0
18.0,-257.0,0.0,-21.0,10.0,-5.0,0
17.0,-257.0,0.0,-24.0,8.0,-5.0,0
19.0,-256.0,-1.0,-27.0,8.0,-6.0,0
18.0,-254.0,0.0,-32.0,7.0,-7.0,0
18.0,-257.0,0.0,-35.0,6.0,-7.0,0
23.0,-261.0,0.0,-37.0,4.0,-7.0,0
19.0,-259.0,-1.0,-39.0,6.0,-8.0,0
19.0,-258.0,-2.0,-41.0,7.0,-9.0,0
